T=1
CPA=100
CPB=-8.52651e-14
EW=0
FW=0
J=0
LS=2245 2245 2245
t=400

1 1000
0 0

1000
164.213219	73.567235	59.696395
0.000 0.000 0.000
164.468757	73.263880	60.617195
0.000 0.000 0.000
164.964787	72.581966	61.145388
0.000 0.000 0.000
165.167360	73.307869	61.738002
0.000 0.000 0.000
164.832429	74.082777	61.307759
0.000 0.000 0.000
164.726714	74.240671	62.220568
0.000 0.000 0.000
164.192983	74.467508	62.988085
0.000 0.000 0.000
164.647284	73.941338	63.832985
0.000 0.000 0.000
164.698572	73.082487	63.377231
0.000 0.000 0.000
163.949306	73.561183	63.100418
0.000 0.000 0.000
163.280612	72.920311	63.443766
0.000 0.000 0.000
162.702641	73.290642	62.720955
0.000 0.000 0.000
162.568483	72.887651	61.856427
0.000 0.000 0.000
161.597105	72.808974	62.164251
0.000 0.000 0.000
161.462829	72.623273	63.090871
0.000 0.000 0.000
162.109500	71.896923	62.962368
0.000 0.000 0.000
161.768226	71.278236	63.721982
0.000 0.000 0.000
161.275287	71.276154	62.812163
0.000 0.000 0.000
160.536439	70.734543	62.566430
0.000 0.000 0.000
160.780368	70.572192	63.484913
0.000 0.000 0.000
160.334607	69.750949	63.657756
0.000 0.000 0.000
160.590459	69.436491	64.556723
0.000 0.000 0.000
161.228613	68.813103	64.918900
0.000 0.000 0.000
162.224832	68.765278	64.727741
0.000 0.000 0.000
162.038822	69.593878	65.104897
0.000 0.000 0.000
161.934571	70.194764	64.246608
0.000 0.000 0.000
162.134286	70.014174	63.328069
0.000 0.000 0.000
162.161782	70.069675	62.399571
0.000 0.000 0.000
162.179179	69.107958	62.591838
0.000 0.000 0.000
162.141934	68.532948	61.796927
0.000 0.000 0.000
162.299758	69.418157	61.518263
0.000 0.000 0.000
162.257005	68.887216	60.702017
0.000 0.000 0.000
162.360671	69.102616	59.734616
0.000 0.000 0.000
161.935252	68.542882	59.110252
0.000 0.000 0.000
162.726970	68.081918	58.956891
0.000 0.000 0.000
162.874674	67.324989	58.368222
0.000 0.000 0.000
162.019490	67.745448	58.360714
0.000 0.000 0.000
161.940555	67.083517	59.082777
0.000 0.000 0.000
161.284273	66.861004	58.441538
0.000 0.000 0.000
160.970049	67.695307	58.794924
0.000 0.000 0.000
161.033761	68.511122	58.355829
0.000 0.000 0.000
160.928538	69.236053	58.908958
0.000 0.000 0.000
161.852513	69.255636	58.497555
0.000 0.000 0.000
161.775422	68.808418	57.657580
0.000 0.000 0.000
162.739787	68.572791	57.819925
0.000 0.000 0.000
163.156141	68.422706	56.973279
0.000 0.000 0.000
162.238653	68.372453	56.532914
0.000 0.000 0.000
162.274916	67.728639	57.202872
0.000 0.000 0.000
163.058446	67.134547	57.369522
0.000 0.000 0.000
163.702706	66.759449	58.017865
0.000 0.000 0.000
164.674358	66.697192	57.778242
0.000 0.000 0.000
164.463515	65.800468	57.786495
0.000 0.000 0.000
163.920671	65.029855	57.882948
0.000 0.000 0.000
163.390854	64.730169	57.204988
0.000 0.000 0.000
163.011743	65.594771	57.332118
0.000 0.000 0.000
163.496022	66.179864	56.736217
0.000 0.000 0.000
164.178765	65.472804	56.775003
0.000 0.000 0.000
164.560258	64.587860	57.001013
0.000 0.000 0.000
165.174221	64.561150	57.665627
0.000 0.000 0.000
164.783804	64.600088	58.578912
0.000 0.000 0.000
164.896151	63.676376	58.583932
0.000 0.000 0.000
164.840726	64.050469	59.477672
0.000 0.000 0.000
165.748915	64.252989	59.092599
0.000 0.000 0.000
166.571465	64.646064	59.391647
0.000 0.000 0.000
166.439196	65.059634	58.517898
0.000 0.000 0.000
166.084441	65.850168	58.088885
0.000 0.000 0.000
166.572710	66.160259	58.864697
0.000 0.000 0.000
166.881694	66.898261	58.324305
0.000 0.000 0.000
166.030724	67.082906	58.666019
0.000 0.000 0.000
166.318043	67.871801	59.153382
0.000 0.000 0.000
166.683569	68.211613	58.325966
0.000 0.000 0.000
166.878174	68.635037	57.509699
0.000 0.000 0.000
166.654940	68.969027	56.569736
0.000 0.000 0.000
165.770024	69.067245	56.081984
0.000 0.000 0.000
165.186360	68.847839	55.307444
0.000 0.000 0.000
164.493730	68.871008	54.534548
0.000 0.000 0.000
163.829615	69.444871	54.876392
0.000 0.000 0.000
163.465775	68.983135	54.039250
0.000 0.000 0.000
163.489592	69.819369	53.660291
0.000 0.000 0.000
164.500712	69.708683	53.820271
0.000 0.000 0.000
165.403106	69.442716	53.972782
0.000 0.000 0.000
165.997720	70.041620	53.445571
0.000 0.000 0.000
166.607346	69.286658	53.715748
0.000 0.000 0.000
166.470855	69.795698	54.492206
0.000 0.000 0.000
166.654396	69.573946	55.394430
0.000 0.000 0.000
166.476675	69.959118	56.281850
0.000 0.000 0.000
165.614224	69.825012	56.885475
0.000 0.000 0.000
166.078454	69.313603	57.590173
0.000 0.000 0.000
166.791258	69.693312	58.099227
0.000 0.000 0.000
166.628008	70.202397	57.240730
0.000 0.000 0.000
167.597706	69.885075	57.235035
0.000 0.000 0.000
168.302854	69.378573	57.602001
0.000 0.000 0.000
167.780879	69.848066	58.299503
0.000 0.000 0.000
167.582077	68.910458	58.226092
0.000 0.000 0.000
167.547150	68.766715	59.185255
0.000 0.000 0.000
166.952047	69.178298	59.892386
0.000 0.000 0.000
166.864949	68.946167	60.844493
0.000 0.000 0.000
166.833681	69.917226	60.658217
0.000 0.000 0.000
166.177571	69.770610	61.401152
0.000 0.000 0.000
165.476077	70.351576	61.059547
0.000 0.000 0.000
165.043826	70.695020	60.307294
0.000 0.000 0.000
164.749931	71.624026	60.173074
0.000 0.000 0.000
164.016824	72.093699	59.740562
0.000 0.000 0.000
164.105955	72.296949	60.660473
0.000 0.000 0.000
163.322030	71.816089	60.921907
0.000 0.000 0.000
163.049490	72.716119	60.587878
0.000 0.000 0.000
163.518902	73.194856	61.341119
0.000 0.000 0.000
163.359100	73.947540	61.940152
0.000 0.000 0.000
163.723481	74.853602	61.926991
0.000 0.000 0.000
162.797331	75.020893	62.270777
0.000 0.000 0.000
162.907388	74.633084	61.370197
0.000 0.000 0.000
163.412515	74.187173	60.581350
0.000 0.000 0.000
163.767816	74.524899	59.766154
0.000 0.000 0.000
164.540421	74.387562	59.166806
0.000 0.000 0.000
164.805168	74.736701	60.019438
0.000 0.000 0.000
164.483437	75.632899	60.234647
0.000 0.000 0.000
164.162485	76.190458	61.002575
0.000 0.000 0.000
164.515694	76.849039	60.337328
0.000 0.000 0.000
165.272511	76.471044	59.939507
0.000 0.000 0.000
165.785439	77.159283	59.518486
0.000 0.000 0.000
165.901916	77.856586	60.244801
0.000 0.000 0.000
166.383617	78.231948	61.008874
0.000 0.000 0.000
167.264196	78.589812	60.876114
0.000 0.000 0.000
166.578563	79.093066	60.461426
0.000 0.000 0.000
166.249544	79.036779	59.620488
0.000 0.000 0.000
167.013941	78.402582	59.677261
0.000 0.000 0.000
167.931209	78.666312	59.574309
0.000 0.000 0.000
168.093999	78.156199	58.773812
0.000 0.000 0.000
167.892755	77.368811	59.400631
0.000 0.000 0.000
167.260148	77.651312	58.669926
0.000 0.000 0.000
166.281019	77.605136	58.311811
0.000 0.000 0.000
166.731287	77.035556	57.716490
0.000 0.000 0.000
166.665642	77.709595	57.010508
0.000 0.000 0.000
165.978483	78.389080	57.162507
0.000 0.000 0.000
165.734592	78.485973	56.167308
0.000 0.000 0.000
166.756282	78.492663	56.117039
0.000 0.000 0.000
166.350461	77.756365	55.456426
0.000 0.000 0.000
167.211930	77.506223	55.047735
0.000 0.000 0.000
166.758615	77.520662	54.215025
0.000 0.000 0.000
165.864418	77.303116	54.188966
0.000 0.000 0.000
165.867046	77.145394	53.257441
0.000 0.000 0.000
166.210621	76.212346	53.195607
0.000 0.000 0.000
165.794589	76.553829	52.347482
0.000 0.000 0.000
165.640772	75.635024	52.119115
0.000 0.000 0.000
165.879130	75.057859	51.294320
0.000 0.000 0.000
165.968600	74.406865	51.964960
0.000 0.000 0.000
166.588313	75.125860	52.264771
0.000 0.000 0.000
166.271438	74.673175	53.023188
0.000 0.000 0.000
166.550325	74.336724	53.866094
0.000 0.000 0.000
167.130402	74.994002	54.168445
0.000 0.000 0.000
166.949897	75.512804	53.353481
0.000 0.000 0.000
166.052636	75.376047	53.791731
0.000 0.000 0.000
165.324242	75.241808	53.180933
0.000 0.000 0.000
165.246888	76.100043	53.472519
0.000 0.000 0.000
164.352874	75.699522	53.530573
0.000 0.000 0.000
163.670097	76.195987	54.003630
0.000 0.000 0.000
163.770907	76.852033	54.707240
0.000 0.000 0.000
163.183156	77.207194	54.019790
0.000 0.000 0.000
164.150677	77.345206	53.621033
0.000 0.000 0.000
164.816988	77.171051	54.322841
0.000 0.000 0.000
164.348912	77.778006	54.853674
0.000 0.000 0.000
164.785545	78.552752	55.100800
0.000 0.000 0.000
165.750505	78.444788	55.072459
0.000 0.000 0.000
165.395479	77.549832	55.196209
0.000 0.000 0.000
164.786707	77.828337	55.879484
0.000 0.000 0.000
163.951632	78.258343	55.650140
0.000 0.000 0.000
164.362694	78.803443	56.299552
0.000 0.000 0.000
164.023757	78.208103	57.031081
0.000 0.000 0.000
163.306708	77.547913	56.966560
0.000 0.000 0.000
163.697319	76.701692	56.586999
0.000 0.000 0.000
163.456607	77.388140	55.952559
0.000 0.000 0.000
162.670667	77.879677	56.042806
0.000 0.000 0.000
162.949179	78.740150	55.939101
0.000 0.000 0.000
162.050987	79.079380	55.767812
0.000 0.000 0.000
162.150741	79.407920	54.844081
0.000 0.000 0.000
162.435833	78.568276	54.426898
0.000 0.000 0.000
161.467069	78.648657	54.253988
0.000 0.000 0.000
160.661642	78.510484	53.754375
0.000 0.000 0.000
161.131570	79.287406	53.512335
0.000 0.000 0.000
161.938729	78.918912	53.233621
0.000 0.000 0.000
162.911008	78.919469	53.488576
0.000 0.000 0.000
163.001742	79.590444	54.136821
0.000 0.000 0.000
163.899574	79.378037	53.625621
0.000 0.000 0.000
163.964080	80.272017	53.901774
0.000 0.000 0.000
164.173179	81.072303	53.498736
0.000 0.000 0.000
165.091684	80.932117	53.700857
0.000 0.000 0.000
165.315169	81.387329	52.842397
0.000 0.000 0.000
164.500656	80.948854	52.426358
0.000 0.000 0.000
164.431135	80.154600	52.907985
0.000 0.000 0.000
163.814225	79.397522	52.615052
0.000 0.000 0.000
163.281048	80.003645	53.064566
0.000 0.000 0.000
163.540908	80.410108	52.201625
0.000 0.000 0.000
163.812012	80.533525	51.299808
0.000 0.000 0.000
163.167786	81.157686	50.860505
0.000 0.000 0.000
163.339047	81.159572	49.954477
0.000 0.000 0.000
164.160293	81.216743	49.412270
0.000 0.000 0.000
163.951533	80.221936	49.360144
0.000 0.000 0.000
164.746110	79.747599	49.125625
0.000 0.000 0.000
164.602308	78.793312	49.419893
0.000 0.000 0.000
165.368309	78.547063	48.910272
0.000 0.000 0.000
164.582045	78.024293	48.564819
0.000 0.000 0.000
163.593516	78.211321	48.477866
0.000 0.000 0.000
163.268832	77.369249	48.009259
0.000 0.000 0.000
162.373152	77.505783	47.537860
0.000 0.000 0.000
163.131294	77.343722	46.979858
0.000 0.000 0.000
162.906613	76.425261	46.761924
0.000 0.000 0.000
163.081107	75.844464	47.572858
0.000 0.000 0.000
163.546490	74.976756	47.352570
0.000 0.000 0.000
163.985014	75.212623	48.120354
0.000 0.000 0.000
164.284534	75.949242	47.655992
0.000 0.000 0.000
164.547536	75.340440	46.977042
0.000 0.000 0.000
165.025967	76.055853	46.590535
0.000 0.000 0.000
164.613451	75.485093	45.948862
0.000 0.000 0.000
164.478230	74.788011	45.312950
0.000 0.000 0.000
163.650006	75.283037	45.464830
0.000 0.000 0.000
163.656734	74.704614	46.160953
0.000 0.000 0.000
163.393245	74.145078	45.445349
0.000 0.000 0.000
163.500277	74.399035	44.571872
0.000 0.000 0.000
162.537305	74.487775	44.612849
0.000 0.000 0.000
162.675196	74.201450	43.696594
0.000 0.000 0.000
163.030613	73.528861	43.175613
0.000 0.000 0.000
162.504303	72.840979	43.557317
0.000 0.000 0.000
162.933099	73.394131	44.216449
0.000 0.000 0.000
162.197647	73.265449	44.834187
0.000 0.000 0.000
162.972584	73.171305	45.419226
0.000 0.000 0.000
162.736534	72.309922	45.067362
0.000 0.000 0.000
162.044702	71.983147	44.505182
0.000 0.000 0.000
161.442343	72.672265	44.000162
0.000 0.000 0.000
161.859680	71.970743	43.431721
0.000 0.000 0.000
161.669271	72.732554	42.825398
0.000 0.000 0.000
161.859793	73.642432	43.150303
0.000 0.000 0.000
162.196927	73.706851	42.221007
0.000 0.000 0.000
162.683359	72.898977	42.372020
0.000 0.000 0.000
163.663617	72.890777	42.242613
0.000 0.000 0.000
163.503278	73.364282	41.462994
0.000 0.000 0.000
163.777040	73.738781	40.552780
0.000 0.000 0.000
163.494430	72.896883	40.056499
0.000 0.000 0.000
164.195857	72.439893	39.517693
0.000 0.000 0.000
163.534332	72.702256	38.901822
0.000 0.000 0.000
163.713467	73.237199	38.166853
0.000 0.000 0.000
162.811528	73.133667	38.367760
0.000 0.000 0.000
162.933851	72.140163	38.322848
0.000 0.000 0.000
162.596399	72.064096	39.194799
0.000 0.000 0.000
163.374222	71.735279	39.529067
0.000 0.000 0.000
163.656385	71.526632	40.403740
0.000 0.000 0.000
163.760748	72.366692	40.903051
0.000 0.000 0.000
164.532759	72.712339	40.507740
0.000 0.000 0.000
164.959507	73.592625	40.356023
0.000 0.000 0.000
165.141154	73.163156	39.551041
0.000 0.000 0.000
165.503709	72.232086	39.646763
0.000 0.000 0.000
165.479038	71.344961	39.912474
0.000 0.000 0.000
165.832654	70.939579	39.034717
0.000 0.000 0.000
165.667943	70.095844	38.577793
0.000 0.000 0.000
165.609261	69.502981	37.853022
0.000 0.000 0.000
165.259999	70.150311	37.274537
0.000 0.000 0.000
164.949056	70.807989	37.963519
0.000 0.000 0.000
164.275939	70.611623	37.297185
0.000 0.000 0.000
163.857845	70.414380	38.130882
0.000 0.000 0.000
163.321111	70.961861	38.629390
0.000 0.000 0.000
162.539253	70.713472	38.014275
0.000 0.000 0.000
161.746084	71.275104	38.038409
0.000 0.000 0.000
161.540077	72.029143	38.557666
0.000 0.000 0.000
160.924697	72.124916	39.263194
0.000 0.000 0.000
160.652670	71.258677	39.303754
0.000 0.000 0.000
159.859938	71.361487	39.791624
0.000 0.000 0.000
159.411150	70.961427	39.033978
0.000 0.000 0.000
158.832904	70.834473	38.218335
0.000 0.000 0.000
158.332434	71.660648	38.173234
0.000 0.000 0.000
157.884868	72.175867	37.496630
0.000 0.000 0.000
157.086696	72.363907	37.030027
0.000 0.000 0.000
157.021572	72.780515	36.195020
0.000 0.000 0.000
157.617379	72.455399	35.521645
0.000 0.000 0.000
157.228589	71.591501	35.826756
0.000 0.000 0.000
156.494313	72.056603	35.558800
0.000 0.000 0.000
155.768086	72.265970	36.183607
0.000 0.000 0.000
155.225634	71.517423	35.843428
0.000 0.000 0.000
154.384057	71.965037	35.625825
0.000 0.000 0.000
153.506748	72.249033	35.741872
0.000 0.000 0.000
153.175236	71.410747	35.438171
0.000 0.000 0.000
152.575122	71.752203	34.807052
0.000 0.000 0.000
152.535012	70.842484	34.500223
0.000 0.000 0.000
151.743305	71.257542	34.261655
0.000 0.000 0.000
152.133852	71.708518	33.509343
0.000 0.000 0.000
152.720611	72.244069	32.934775
0.000 0.000 0.000
152.606098	72.872907	32.182733
0.000 0.000 0.000
153.376978	72.368640	32.005984
0.000 0.000 0.000
152.900051	72.495538	31.184828
0.000 0.000 0.000
153.327409	73.303350	31.539513
0.000 0.000 0.000
152.564019	73.826481	31.777372
0.000 0.000 0.000
151.700048	74.173751	32.074084
0.000 0.000 0.000
152.348968	73.957937	32.751252
0.000 0.000 0.000
151.786772	73.270418	33.126693
0.000 0.000 0.000
151.620799	73.150305	32.224522
0.000 0.000 0.000
151.732026	72.226724	31.888498
0.000 0.000 0.000
152.602340	71.729888	31.834381
0.000 0.000 0.000
151.868893	71.335214	32.329927
0.000 0.000 0.000
151.051246	71.656984	32.663607
0.000 0.000 0.000
150.616147	70.815309	32.616141
0.000 0.000 0.000
150.558283	70.590841	31.629782
0.000 0.000 0.000
151.341363	70.216864	32.102704
0.000 0.000 0.000
152.194942	69.921477	31.988674
0.000 0.000 0.000
152.855678	69.916689	32.856443
0.000 0.000 0.000
152.636506	69.063503	33.324778
0.000 0.000 0.000
152.673601	69.843937	33.946644
0.000 0.000 0.000
151.785912	70.106078	33.631209
0.000 0.000 0.000
151.240343	70.886541	33.383211
0.000 0.000 0.000
150.318405	71.264858	33.469846
0.000 0.000 0.000
149.777975	71.766635	34.168503
0.000 0.000 0.000
149.296118	70.865749	34.070860
0.000 0.000 0.000
148.566629	70.824826	34.642460
0.000 0.000 0.000
149.414401	71.031950	35.155827
0.000 0.000 0.000
149.258325	71.679669	35.884791
0.000 0.000 0.000
148.707164	72.462877	36.042584
0.000 0.000 0.000
148.998417	72.346323	36.934490
0.000 0.000 0.000
149.595705	72.846163	37.531252
0.000 0.000 0.000
150.220211	73.538910	37.406582
0.000 0.000 0.000
149.685696	73.506056	36.572793
0.000 0.000 0.000
148.904972	73.801240	36.123593
0.000 0.000 0.000
148.812971	74.426309	36.840426
0.000 0.000 0.000
149.086054	75.305885	36.757916
0.000 0.000 0.000
149.974302	74.867379	36.755986
0.000 0.000 0.000
149.572022	74.554759	37.557747
0.000 0.000 0.000
149.353986	74.319010	38.440155
0.000 0.000 0.000
149.430023	75.080329	39.010628
0.000 0.000 0.000
149.634712	74.397066	39.685259
0.000 0.000 0.000
148.945623	73.876834	39.238907
0.000 0.000 0.000
148.047152	73.995846	38.924844
0.000 0.000 0.000
148.236408	74.078295	38.026011
0.000 0.000 0.000
148.922604	73.579545	37.512373
0.000 0.000 0.000
148.928695	72.947086	38.323303
0.000 0.000 0.000
148.929929	72.053522	38.204671
0.000 0.000 0.000
149.405407	72.222794	39.000394
0.000 0.000 0.000
150.087645	72.594096	38.401291
0.000 0.000 0.000
150.105869	73.402582	38.887122
0.000 0.000 0.000
150.075003	72.726424	39.607051
0.000 0.000 0.000
149.195430	73.090215	39.840325
0.000 0.000 0.000
148.989859	72.397585	40.488534
0.000 0.000 0.000
149.650422	73.094692	40.758698
0.000 0.000 0.000
149.882918	73.307773	41.608217
0.000 0.000 0.000
149.584745	74.030966	42.183805
0.000 0.000 0.000
148.779867	74.109694	42.761465
0.000 0.000 0.000
148.549733	74.943670	42.302060
0.000 0.000 0.000
147.824108	74.853099	42.861051
0.000 0.000 0.000
147.544861	74.049657	42.456328
0.000 0.000 0.000
146.985639	74.443594	41.807857
0.000 0.000 0.000
146.979459	75.440625	41.870598
0.000 0.000 0.000
147.519478	75.906068	41.249406
0.000 0.000 0.000
147.244619	76.656584	40.780690
0.000 0.000 0.000
146.942656	76.595794	39.906245
0.000 0.000 0.000
147.626954	76.712768	39.310202
0.000 0.000 0.000
147.622869	77.450067	38.694023
0.000 0.000 0.000
146.748779	77.247399	38.952407
0.000 0.000 0.000
146.803140	77.688333	38.106509
0.000 0.000 0.000
145.972475	77.892544	38.580737
0.000 0.000 0.000
146.744643	78.246607	38.997260
0.000 0.000 0.000
147.353999	78.619255	38.430431
0.000 0.000 0.000
147.219204	78.781449	37.524115
0.000 0.000 0.000
146.779333	78.242315	36.815211
0.000 0.000 0.000
146.973487	78.988296	36.189612
0.000 0.000 0.000
146.707024	79.355820	35.364291
0.000 0.000 0.000
145.801097	79.048447	35.414625
0.000 0.000 0.000
146.203952	78.362977	34.931875
0.000 0.000 0.000
146.739591	77.755131	35.460203
0.000 0.000 0.000
145.815088	77.607713	35.787398
0.000 0.000 0.000
145.908434	77.197668	34.916320
0.000 0.000 0.000
145.032381	77.018027	34.698100
0.000 0.000 0.000
145.584556	76.501846	34.099120
0.000 0.000 0.000
146.000132	75.617235	33.905834
0.000 0.000 0.000
146.742015	75.642956	33.284668
0.000 0.000 0.000
146.176867	76.358909	32.928025
0.000 0.000 0.000
146.466384	77.153927	33.179419
0.000 0.000 0.000
145.881203	77.750525	32.881819
0.000 0.000 0.000
145.681067	78.503962	32.249617
0.000 0.000 0.000
144.875030	78.191314	32.766783
0.000 0.000 0.000
145.218445	79.176564	33.100538
0.000 0.000 0.000
145.138207	79.542642	32.250597
0.000 0.000 0.000
144.545021	80.287205	32.163899
0.000 0.000 0.000
144.146891	79.870724	32.987507
0.000 0.000 0.000
144.133394	79.168516	32.342167
0.000 0.000 0.000
144.384174	78.941456	31.462509
0.000 0.000 0.000
143.752924	78.329581	31.213395
0.000 0.000 0.000
143.121253	77.794556	30.791664
0.000 0.000 0.000
143.623769	78.256115	30.152594
0.000 0.000 0.000
142.899164	77.723526	29.736188
0.000 0.000 0.000
142.474956	78.430876	30.194452
0.000 0.000 0.000
142.440801	79.357578	29.970640
0.000 0.000 0.000
143.115272	78.937993	29.493299
0.000 0.000 0.000
143.436596	79.676448	28.997165
0.000 0.000 0.000
143.404624	80.038772	29.899489
0.000 0.000 0.000
143.452445	79.221782	30.457621
0.000 0.000 0.000
144.328179	79.546332	30.134794
0.000 0.000 0.000
144.063510	80.114181	30.922109
0.000 0.000 0.000
145.063020	80.122061	30.746653
0.000 0.000 0.000
145.596364	79.444750	31.136309
0.000 0.000 0.000
146.326815	79.486761	30.500257
0.000 0.000 0.000
145.410961	79.276763	30.091280
0.000 0.000 0.000
145.501006	78.928759	29.156864
0.000 0.000 0.000
145.154752	79.269273	28.359090
0.000 0.000 0.000
145.682307	79.717889	27.616981
0.000 0.000 0.000
145.276743	79.882123	26.740927
0.000 0.000 0.000
146.030062	79.814085	26.173325
0.000 0.000 0.000
146.922172	80.130368	26.243480
0.000 0.000 0.000
147.387028	79.468920	26.756086
0.000 0.000 0.000
147.241266	78.492847	26.939737
0.000 0.000 0.000
147.303729	77.736477	27.609207
0.000 0.000 0.000
147.041220	77.231774	26.805646
0.000 0.000 0.000
146.867526	76.655186	27.558021
0.000 0.000 0.000
146.070551	76.381118	27.976133
0.000 0.000 0.000
146.346043	75.913045	28.777528
0.000 0.000 0.000
145.634661	76.554223	28.980740
0.000 0.000 0.000
144.707742	76.116710	29.096745
0.000 0.000 0.000
144.811316	76.387626	30.043007
0.000 0.000 0.000
144.840430	75.741449	30.686228
0.000 0.000 0.000
145.728345	75.735634	30.316164
0.000 0.000 0.000
146.131028	74.838007	30.356361
0.000 0.000 0.000
145.892045	74.913703	31.307690
0.000 0.000 0.000
145.975150	75.078609	32.210464
0.000 0.000 0.000
146.421648	74.413629	32.746000
0.000 0.000 0.000
146.834079	73.853813	33.357547
0.000 0.000 0.000
146.086318	73.189253	33.507373
0.000 0.000 0.000
145.297331	73.763818	33.416830
0.000 0.000 0.000
145.431519	73.465824	32.482410
0.000 0.000 0.000
145.985721	72.621094	32.443326
0.000 0.000 0.000
146.696989	72.427811	33.094593
0.000 0.000 0.000
147.300564	72.291223	33.858377
0.000 0.000 0.000
147.547476	72.434397	34.740722
0.000 0.000 0.000
146.684545	72.878145	34.542562
0.000 0.000 0.000
147.032624	73.329481	35.320435
0.000 0.000 0.000
147.018921	72.542109	35.859254
0.000 0.000 0.000
146.433307	71.892099	36.266545
0.000 0.000 0.000
145.652245	71.424348	36.612969
0.000 0.000 0.000
146.474257	71.352846	37.102574
0.000 0.000 0.000
146.045353	70.491973	37.402248
0.000 0.000 0.000
146.589125	70.400230	36.585850
0.000 0.000 0.000
146.013859	70.679305	35.812527
0.000 0.000 0.000
145.555374	69.888779	35.877053
0.000 0.000 0.000
144.855997	69.397073	35.462503
0.000 0.000 0.000
144.517779	68.544915	35.289836
0.000 0.000 0.000
143.602741	68.745037	35.539060
0.000 0.000 0.000
143.675785	68.753540	34.601581
0.000 0.000 0.000
144.127561	68.184755	33.992576
0.000 0.000 0.000
144.089599	68.383681	33.037176
0.000 0.000 0.000
144.866135	67.889769	33.197301
0.000 0.000 0.000
145.623546	67.428719	32.769517
0.000 0.000 0.000
146.559097	67.432206	32.414592
0.000 0.000 0.000
146.830620	68.073919	31.734460
0.000 0.000 0.000
145.981776	67.988179	31.184075
0.000 0.000 0.000
146.302652	68.026631	30.270497
0.000 0.000 0.000
145.702502	67.772856	29.576025
0.000 0.000 0.000
145.744148	66.967193	30.128776
0.000 0.000 0.000
145.414383	66.129633	29.721364
0.000 0.000 0.000
145.808947	65.671548	28.969028
0.000 0.000 0.000
146.328638	66.433341	29.029218
0.000 0.000 0.000
145.422754	66.769974	28.939751
0.000 0.000 0.000
144.831094	67.243057	29.504359
0.000 0.000 0.000
144.665785	68.154532	29.804269
0.000 0.000 0.000
144.466996	68.180082	28.899451
0.000 0.000 0.000
143.547919	67.887615	28.887331
0.000 0.000 0.000
143.433376	68.246206	28.038839
0.000 0.000 0.000
143.328904	69.210903	28.099638
0.000 0.000 0.000
142.515411	68.831799	28.425340
0.000 0.000 0.000
142.654996	69.634001	28.945855
0.000 0.000 0.000
143.434998	69.080836	29.273032
0.000 0.000 0.000
143.322174	69.573994	30.061206
0.000 0.000 0.000
142.690400	70.130296	30.446927
0.000 0.000 0.000
142.863532	70.527767	29.637514
0.000 0.000 0.000
142.641771	71.333017	30.092298
0.000 0.000 0.000
142.604464	71.189197	31.008731
0.000 0.000 0.000
143.525076	71.309618	31.307797
0.000 0.000 0.000
143.079415	72.111247	30.969035
0.000 0.000 0.000
143.972391	71.860759	30.576504
0.000 0.000 0.000
144.660556	71.748766	29.838661
0.000 0.000 0.000
145.050119	72.485763	30.358282
0.000 0.000 0.000
145.973600	72.417157	29.930029
0.000 0.000 0.000
145.684471	71.571742	29.649021
0.000 0.000 0.000
145.179109	70.663819	29.874119
0.000 0.000 0.000
144.224447	70.469655	29.783673
0.000 0.000 0.000
144.441359	69.470773	29.734885
0.000 0.000 0.000
144.153386	68.946942	30.462173
0.000 0.000 0.000
144.071710	68.045292	30.764314
0.000 0.000 0.000
143.369296	68.445809	31.248472
0.000 0.000 0.000
142.991182	68.622472	30.376167
0.000 0.000 0.000
142.297867	69.054197	29.760135
0.000 0.000 0.000
141.587839	69.526873	29.387750
0.000 0.000 0.000
141.154788	68.692608	29.406173
0.000 0.000 0.000
141.037257	68.900994	30.347061
0.000 0.000 0.000
141.618931	69.471739	30.752451
0.000 0.000 0.000
141.699426	70.451288	30.661343
0.000 0.000 0.000
141.726118	70.630867	31.577189
0.000 0.000 0.000
141.534153	71.506529	31.530834
0.000 0.000 0.000
141.963517	71.970734	32.235238
0.000 0.000 0.000
141.750251	71.578613	33.103175
0.000 0.000 0.000
140.981002	72.180787	32.587652
0.000 0.000 0.000
141.145908	73.071952	32.338662
0.000 0.000 0.000
141.235372	73.752809	33.006738
0.000 0.000 0.000
140.905207	74.140025	33.801649
0.000 0.000 0.000
140.197689	73.532882	33.837688
0.000 0.000 0.000
140.573929	72.855594	34.311760
0.000 0.000 0.000
141.422636	72.761068	34.672066
0.000 0.000 0.000
141.382780	72.759438	35.655763
0.000 0.000 0.000
140.477024	73.160461	35.690629
0.000 0.000 0.000
140.193566	72.408630	36.170599
0.000 0.000 0.000
139.477436	73.056230	36.454227
0.000 0.000 0.000
138.721636	73.222030	37.030227
0.000 0.000 0.000
139.096876	73.793193	37.716251
0.000 0.000 0.000
139.788106	74.359273	37.736742
0.000 0.000 0.000
140.330502	75.037029	38.126723
0.000 0.000 0.000
140.217963	75.602619	38.838975
0.000 0.000 0.000
141.032572	76.152441	38.821642
0.000 0.000 0.000
141.514589	75.586763	39.389831
0.000 0.000 0.000
140.845712	75.380647	40.044484
0.000 0.000 0.000
140.805703	74.411118	40.187378
0.000 0.000 0.000
141.301267	74.005843	40.862297
0.000 0.000 0.000
142.095193	73.525180	41.105253
0.000 0.000 0.000
142.833562	73.427142	41.717190
0.000 0.000 0.000
143.654018	73.335336	42.137861
0.000 0.000 0.000
143.883084	73.713740	41.261517
0.000 0.000 0.000
144.846947	73.780142	41.190333
0.000 0.000 0.000
145.261932	74.599390	41.316197
0.000 0.000 0.000
145.231800	74.814117	42.226485
0.000 0.000 0.000
144.520485	74.410177	42.688886
0.000 0.000 0.000
144.146923	74.754907	41.895662
0.000 0.000 0.000
143.245512	74.439256	42.193276
0.000 0.000 0.000
143.150014	74.610914	41.241279
0.000 0.000 0.000
143.201163	74.059625	40.549130
0.000 0.000 0.000
143.980019	74.549980	40.319793
0.000 0.000 0.000
143.342477	74.783719	39.692720
0.000 0.000 0.000
143.283567	75.740665	39.331439
0.000 0.000 0.000
142.529616	76.382390	39.177765
0.000 0.000 0.000
143.369239	76.803849	38.868435
0.000 0.000 0.000
143.101654	76.348213	37.994949
0.000 0.000 0.000
142.635864	75.537405	37.994262
0.000 0.000 0.000
141.936007	76.065392	38.267961
0.000 0.000 0.000
141.271216	75.671253	37.756910
0.000 0.000 0.000
140.554669	75.536672	37.167469
0.000 0.000 0.000
140.733446	76.511887	37.012358
0.000 0.000 0.000
140.714622	76.694491	38.019712
0.000 0.000 0.000
141.277342	77.299213	37.540643
0.000 0.000 0.000
141.200178	78.015875	38.176479
0.000 0.000 0.000
140.829911	78.008607	39.053724
0.000 0.000 0.000
141.828888	78.074891	39.023639
0.000 0.000 0.000
142.771845	77.829166	38.777187
0.000 0.000 0.000
143.369221	78.531276	38.453701
0.000 0.000 0.000
144.067354	79.183063	38.843733
0.000 0.000 0.000
143.932918	78.493110	39.543676
0.000 0.000 0.000
144.697954	77.936135	39.328586
0.000 0.000 0.000
145.131880	78.296627	40.188270
0.000 0.000 0.000
145.888846	78.029747	39.758313
0.000 0.000 0.000
146.048885	78.969447	40.071054
0.000 0.000 0.000
145.689471	78.803037	39.184796
0.000 0.000 0.000
145.142058	78.927968	38.449083
0.000 0.000 0.000
145.287274	79.838279	38.625933
0.000 0.000 0.000
146.091637	79.876532	39.059516
0.000 0.000 0.000
146.818641	79.296964	38.991163
0.000 0.000 0.000
146.289185	79.367774	38.180637
0.000 0.000 0.000
145.554973	79.483416	37.600653
0.000 0.000 0.000
144.684755	79.979106	37.752582
0.000 0.000 0.000
144.246448	80.539245	37.126217
0.000 0.000 0.000
144.074204	80.265183	36.189785
0.000 0.000 0.000
143.441859	80.556668	35.500418
0.000 0.000 0.000
142.603927	80.971007	35.241615
0.000 0.000 0.000
142.883411	81.797432	34.770072
0.000 0.000 0.000
142.355397	81.142637	34.185016
0.000 0.000 0.000
141.363075	81.301036	34.391187
0.000 0.000 0.000
141.436119	81.880472	33.566015
0.000 0.000 0.000
140.870837	82.667233	33.328248
0.000 0.000 0.000
140.841671	82.710473	34.307033
0.000 0.000 0.000
139.961906	82.327124	34.393022
0.000 0.000 0.000
140.361589	81.401317	34.234828
0.000 0.000 0.000
139.448164	81.066329	34.261104
0.000 0.000 0.000
139.581871	81.669484	33.437821
0.000 0.000 0.000
138.661808	81.607116	33.560523
0.000 0.000 0.000
138.632156	82.060250	34.500009
0.000 0.000 0.000
137.679346	82.168063	34.157688
0.000 0.000 0.000
137.214317	82.936492	34.479427
0.000 0.000 0.000
137.308864	82.416897	35.244963
0.000 0.000 0.000
137.606825	82.759111	36.151287
0.000 0.000 0.000
137.612734	83.335149	36.889619
0.000 0.000 0.000
138.163875	83.646680	37.557547
0.000 0.000 0.000
138.592368	83.820040	38.380027
0.000 0.000 0.000
137.743354	84.267877	38.450084
0.000 0.000 0.000
137.425619	84.812789	39.171856
0.000 0.000 0.000
136.540577	84.835881	38.799756
0.000 0.000 0.000
136.097122	85.654545	38.800287
0.000 0.000 0.000
135.279553	85.974586	39.233809
0.000 0.000 0.000
135.585483	85.110982	39.698638
0.000 0.000 0.000
135.901285	84.980010	40.548255
0.000 0.000 0.000
136.238376	84.040046	40.239197
0.000 0.000 0.000
136.663656	83.146066	40.410789
0.000 0.000 0.000
137.482557	82.647667	40.596793
0.000 0.000 0.000
136.883234	82.041021	40.240344
0.000 0.000 0.000
137.617318	81.527943	39.872271
0.000 0.000 0.000
137.157584	82.064868	39.213586
0.000 0.000 0.000
136.696036	81.753420	38.425705
0.000 0.000 0.000
137.677809	81.633646	38.152891
0.000 0.000 0.000
137.707332	80.646651	38.297000
0.000 0.000 0.000
137.420867	79.763314	38.551109
0.000 0.000 0.000
138.016415	79.431040	39.197725
0.000 0.000 0.000
137.272727	78.834823	39.021771
0.000 0.000 0.000
137.265774	77.969802	39.421429
0.000 0.000 0.000
136.789582	78.302334	40.197253
0.000 0.000 0.000
136.617207	77.362020	40.080080
0.000 0.000 0.000
137.500397	77.297869	40.317554
0.000 0.000 0.000
137.026003	77.463024	41.103089
0.000 0.000 0.000
137.844326	77.096848	41.562458
0.000 0.000 0.000
137.930896	76.286121	41.070910
0.000 0.000 0.000
137.346182	75.624788	40.743105
0.000 0.000 0.000
136.996147	75.193981	41.555481
0.000 0.000 0.000
137.399129	74.424409	41.231100
0.000 0.000 0.000
137.531119	74.399706	42.183844
0.000 0.000 0.000
138.519961	74.568292	42.337292
0.000 0.000 0.000
138.335182	75.298240	42.927085
0.000 0.000 0.000
139.198502	75.504063	42.576389
0.000 0.000 0.000
139.412464	75.704185	43.479693
0.000 0.000 0.000
140.188557	76.186298	43.083640
0.000 0.000 0.000
140.465613	77.131782	42.985709
0.000 0.000 0.000
140.881449	77.058771	42.151547
0.000 0.000 0.000
141.729330	76.740039	42.556602
0.000 0.000 0.000
142.724278	76.730981	42.418642
0.000 0.000 0.000
143.343612	77.408843	42.680339
0.000 0.000 0.000
144.129674	77.520867	42.113002
0.000 0.000 0.000
144.684877	77.650673	42.854424
0.000 0.000 0.000
144.673130	78.397015	43.400614
0.000 0.000 0.000
145.488870	77.938996	43.731846
0.000 0.000 0.000
145.391224	78.149566	44.680088
0.000 0.000 0.000
145.681741	78.987824	44.985192
0.000 0.000 0.000
145.964924	79.196254	44.057663
0.000 0.000 0.000
145.605962	79.983877	44.384005
0.000 0.000 0.000
146.201212	80.333424	45.216786
0.000 0.000 0.000
147.146672	80.566437	45.182730
0.000 0.000 0.000
147.048307	81.436975	45.530900
0.000 0.000 0.000
147.568814	82.208487	45.656418
0.000 0.000 0.000
148.384632	82.052368	46.104206
0.000 0.000 0.000
148.615367	82.607821	46.885127
0.000 0.000 0.000
148.637989	83.560474	46.576606
0.000 0.000 0.000
148.588345	83.211299	45.691946
0.000 0.000 0.000
147.880706	83.840166	45.474480
0.000 0.000 0.000
147.694265	83.900640	46.415933
0.000 0.000 0.000
147.104150	83.388287	46.993711
0.000 0.000 0.000
146.198627	83.624331	47.144417
0.000 0.000 0.000
145.841832	82.954020	47.774758
0.000 0.000 0.000
146.360173	83.234114	48.586765
0.000 0.000 0.000
146.324750	83.445000	49.566584
0.000 0.000 0.000
147.009107	82.781052	49.565114
0.000 0.000 0.000
147.225365	82.268257	48.754699
0.000 0.000 0.000
147.878416	81.565389	49.069965
0.000 0.000 0.000
147.531493	81.085761	48.312899
0.000 0.000 0.000
147.868206	80.428205	47.673494
0.000 0.000 0.000
147.873583	80.343265	46.713510
0.000 0.000 0.000
147.342969	79.517448	46.465794
0.000 0.000 0.000
146.792151	78.943965	46.961740
0.000 0.000 0.000
146.709426	79.767968	47.555960
0.000 0.000 0.000
145.941646	79.755511	48.110298
0.000 0.000 0.000
145.318156	79.294327	48.719432
0.000 0.000 0.000
145.509284	78.587021	49.275379
0.000 0.000 0.000
145.970950	77.881512	48.825256
0.000 0.000 0.000
146.804822	77.853470	49.238582
0.000 0.000 0.000
147.050550	78.638093	49.728429
0.000 0.000 0.000
146.928154	79.373216	50.333036
0.000 0.000 0.000
146.337722	80.007138	50.788002
0.000 0.000 0.000
145.756727	80.501936	51.347915
0.000 0.000 0.000
146.521299	80.312134	52.008821
0.000 0.000 0.000
146.442767	80.780643	52.844098
0.000 0.000 0.000
146.015073	81.462473	52.307492
0.000 0.000 0.000
145.102686	81.074669	52.280374
0.000 0.000 0.000
145.461201	80.195287	52.300377
0.000 0.000 0.000
144.797486	79.522618	52.341247
0.000 0.000 0.000
144.117868	79.924353	51.775235
0.000 0.000 0.000
143.683032	79.760973	50.889914
0.000 0.000 0.000
142.912242	80.221793	50.511705
0.000 0.000 0.000
142.787872	81.166667	50.345270
0.000 0.000 0.000
143.114541	81.640046	49.601603
0.000 0.000 0.000
143.915004	82.143130	49.582875
0.000 0.000 0.000
143.424667	82.767386	50.169087
0.000 0.000 0.000
142.858466	82.195488	50.797616
0.000 0.000 0.000
142.004164	82.047174	50.107903
0.000 0.000 0.000
141.690551	81.404915	50.738214
0.000 0.000 0.000
140.760729	81.448842	50.394868
0.000 0.000 0.000
140.414827	80.538827	50.460449
0.000 0.000 0.000
141.347670	80.240884	50.558769
0.000 0.000 0.000
141.346175	80.513709	51.466421
0.000 0.000 0.000
141.913976	79.713963	51.546602
0.000 0.000 0.000
141.789966	78.808450	51.656138
0.000 0.000 0.000
141.252688	78.129680	52.139890
0.000 0.000 0.000
140.881115	77.227179	52.114537
0.000 0.000 0.000
141.822326	77.298797	52.576466
0.000 0.000 0.000
142.187092	76.877846	51.793274
0.000 0.000 0.000
142.575876	76.359295	52.487479
0.000 0.000 0.000
143.506778	76.491017	52.196537
0.000 0.000 0.000
143.415645	77.498304	52.120478
0.000 0.000 0.000
142.764710	78.123842	51.970179
0.000 0.000 0.000
143.066952	78.538218	51.129245
0.000 0.000 0.000
143.210979	77.675597	50.665454
0.000 0.000 0.000
143.615352	76.751081	50.564128
0.000 0.000 0.000
144.412864	77.192279	50.289951
0.000 0.000 0.000
145.268630	77.103558	49.884937
0.000 0.000 0.000
145.139523	78.067474	50.262456
0.000 0.000 0.000
146.091471	78.229897	50.074632
0.000 0.000 0.000
146.661179	77.793164	50.728090
0.000 0.000 0.000
147.480072	78.239045	50.796957
0.000 0.000 0.000
146.852592	78.492288	51.538956
0.000 0.000 0.000
146.785589	77.586451	51.943523
0.000 0.000 0.000
147.694045	77.505931	52.278582
0.000 0.000 0.000
147.899292	76.832162	52.899443
0.000 0.000 0.000
147.342413	76.527217	52.181741
0.000 0.000 0.000
146.753010	76.848357	52.856968
0.000 0.000 0.000
146.044805	76.174683	52.751466
0.000 0.000 0.000
146.392492	75.865198	51.918381
0.000 0.000 0.000
145.468766	75.495151	52.195010
0.000 0.000 0.000
144.589679	75.449991	51.865598
0.000 0.000 0.000
144.123415	74.644522	52.136353
0.000 0.000 0.000
143.320412	75.032656	51.764041
0.000 0.000 0.000
143.042552	74.200082	52.050922
0.000 0.000 0.000
142.844218	73.510912	52.650318
0.000 0.000 0.000
142.086320	73.841239	52.118716
0.000 0.000 0.000
141.934083	72.935210	52.422864
0.000 0.000 0.000
141.449952	72.793426	53.189606
0.000 0.000 0.000
141.412440	71.879125	53.509309
0.000 0.000 0.000
141.778647	71.900315	52.584713
0.000 0.000 0.000
141.606388	71.095396	52.024767
0.000 0.000 0.000
141.055259	70.353480	51.707507
0.000 0.000 0.000
141.874148	69.789547	51.472035
0.000 0.000 0.000
141.734016	68.775704	51.432456
0.000 0.000 0.000
141.775453	67.778017	51.357851
0.000 0.000 0.000
142.562039	67.853293	50.776948
0.000 0.000 0.000
142.828499	67.680980	49.888200
0.000 0.000 0.000
143.626927	67.273252	49.784034
0.000 0.000 0.000
143.298966	66.705737	49.039261
0.000 0.000 0.000
143.646242	65.895571	49.399096
0.000 0.000 0.000
143.837258	65.103826	48.879330
0.000 0.000 0.000
143.583190	64.427959	48.235165
0.000 0.000 0.000
144.532858	64.591788	48.200851
0.000 0.000 0.000
144.480452	64.774464	47.246918
0.000 0.000 0.000
144.612161	64.623855	46.341504
0.000 0.000 0.000
143.950019	64.512441	45.710977
0.000 0.000 0.000
143.526436	64.271404	44.867276
0.000 0.000 0.000
143.996807	64.832236	44.240269
0.000 0.000 0.000
143.938536	64.787918	43.307356
0.000 0.000 0.000
142.982407	65.026522	43.131924
0.000 0.000 0.000
142.427288	64.255471	43.411596
0.000 0.000 0.000
142.525527	64.154539	42.484772
0.000 0.000 0.000
142.740640	65.031988	42.141486
0.000 0.000 0.000
142.791079	64.937802	41.181005
0.000 0.000 0.000
143.175577	65.802372	41.417666
0.000 0.000 0.000
143.882202	65.527204	40.844344
0.000 0.000 0.000
143.267733	65.631929	40.088878
0.000 0.000 0.000
142.809835	65.552969	39.228450
0.000 0.000 0.000
141.976784	65.748153	38.702760
0.000 0.000 0.000
142.101338	64.873394	39.046438
0.000 0.000 0.000
142.185647	64.195042	38.353058
0.000 0.000 0.000
141.499256	64.623646	37.834842
0.000 0.000 0.000
141.156750	63.762472	37.494840
0.000 0.000 0.000
140.725252	63.311646	36.690348
0.000 0.000 0.000
141.265206	63.164394	35.896237
0.000 0.000 0.000
141.891242	62.520725	35.703588
0.000 0.000 0.000
141.464074	61.814305	35.084942
0.000 0.000 0.000
142.006177	61.217439	34.555499
0.000 0.000 0.000
141.799536	61.871550	33.829041
0.000 0.000 0.000
142.483042	62.454620	33.656054
0.000 0.000 0.000
142.084618	62.181631	32.804190
0.000 0.000 0.000
141.553493	62.572306	32.001146
0.000 0.000 0.000
140.711323	62.848319	31.665114
0.000 0.000 0.000
140.692076	61.895902	31.664973
0.000 0.000 0.000
141.195563	61.121947	31.849073
0.000 0.000 0.000
140.724866	60.489605	31.270281
0.000 0.000 0.000
139.860527	60.562965	30.878749
0.000 0.000 0.000
139.085431	60.437403	31.304112
0.000 0.000 0.000
138.609398	60.681951	30.510252
0.000 0.000 0.000
138.236934	59.757427	30.386706
0.000 0.000 0.000
139.159736	59.865271	30.151877
0.000 0.000 0.000
139.611749	60.668149	29.841810
0.000 0.000 0.000
139.246037	61.622957	29.775922
0.000 0.000 0.000
139.917900	62.395324	29.702390
0.000 0.000 0.000
140.156247	61.597168	30.168204
0.000 0.000 0.000
139.916439	61.742467	31.050753
0.000 0.000 0.000
140.007083	62.701092	30.914444
0.000 0.000 0.000
139.544767	62.753632	31.755993
0.000 0.000 0.000
139.901452	63.574691	31.809356
0.000 0.000 0.000
140.031347	64.517527	31.966123
0.000 0.000 0.000
139.117472	64.288672	31.677092
0.000 0.000 0.000
139.223059	64.525704	32.670241
0.000 0.000 0.000
139.478566	63.653543	33.081351
0.000 0.000 0.000
138.630930	63.531229	32.630656
0.000 0.000 0.000
137.810518	63.931937	32.390140
0.000 0.000 0.000
137.954914	64.203590	33.279721
0.000 0.000 0.000
137.846274	63.272569	33.237965
0.000 0.000 0.000
137.266030	62.969622	33.986942
0.000 0.000 0.000
137.739015	63.248274	34.791838
0.000 0.000 0.000
138.303769	62.839198	34.208432
0.000 0.000 0.000
138.486515	63.715667	34.290645
0.000 0.000 0.000
137.927573	64.373361	34.726413
0.000 0.000 0.000
138.538714	65.002181	34.349784
0.000 0.000 0.000
139.495950	64.849165	34.301503
0.000 0.000 0.000
139.368338	65.670103	33.892520
0.000 0.000 0.000
139.847223	65.545344	33.050279
0.000 0.000 0.000
140.776765	65.631204	33.197252
0.000 0.000 0.000
141.069747	65.810731	34.130132
0.000 0.000 0.000
140.442941	65.281704	34.662824
0.000 0.000 0.000
139.750759	66.036564	34.820623
0.000 0.000 0.000
140.019092	65.970035	35.721384
0.000 0.000 0.000
140.602697	66.327958	36.365198
0.000 0.000 0.000
140.473460	67.202474	36.047025
0.000 0.000 0.000
140.176232	67.433263	36.929144
0.000 0.000 0.000
139.390909	67.562962	37.546116
0.000 0.000 0.000
139.857870	68.317466	37.193598
0.000 0.000 0.000
139.443067	68.741736	37.962341
0.000 0.000 0.000
139.068775	69.614041	37.862327
0.000 0.000 0.000
138.314543	69.031251	38.100992
0.000 0.000 0.000
138.732050	69.113705	39.012499
0.000 0.000 0.000
138.196100	69.928600	38.851072
0.000 0.000 0.000
138.904931	70.302775	39.468994
0.000 0.000 0.000
139.110917	71.106837	39.017464
0.000 0.000 0.000
138.451089	71.778507	39.333555
0.000 0.000 0.000
138.681305	72.454169	38.699428
0.000 0.000 0.000
138.442289	73.393516	38.448300
0.000 0.000 0.000
138.902263	73.846933	39.235595
0.000 0.000 0.000
139.801872	73.573941	38.808759
0.000 0.000 0.000
139.820269	74.397852	39.264318
0.000 0.000 0.000
139.455060	73.957712	40.052667
0.000 0.000 0.000
139.816284	74.577154	40.679401
0.000 0.000 0.000
140.125960	73.919713	41.335403
0.000 0.000 0.000
139.334723	74.235399	41.666840
0.000 0.000 0.000
139.928251	74.953022	41.773921
0.000 0.000 0.000
140.549806	75.222236	42.494560
0.000 0.000 0.000
139.805885	74.854271	43.043583
0.000 0.000 0.000
139.422661	73.991039	43.451874
0.000 0.000 0.000
138.961971	73.986666	44.278927
0.000 0.000 0.000
138.398042	73.241833	44.525980
0.000 0.000 0.000
138.677765	72.840904	43.696049
0.000 0.000 0.000
137.736607	72.953593	43.524265
0.000 0.000 0.000
138.011622	71.971220	43.592268
0.000 0.000 0.000
137.177600	72.111233	44.058569
0.000 0.000 0.000
136.760173	72.742435	43.452542
0.000 0.000 0.000
137.282130	72.174820	42.948134
0.000 0.000 0.000
137.961197	72.295283	42.370495
0.000 0.000 0.000
138.278999	72.997651	41.946134
0.000 0.000 0.000
138.743407	72.901724	42.726533
0.000 0.000 0.000
139.289517	72.685097	41.891122
0.000 0.000 0.000
138.698325	72.062220	41.522372
0.000 0.000 0.000
138.518563	71.782705	40.625390
0.000 0.000 0.000
138.048906	71.103135	40.118216
0.000 0.000 0.000
137.801459	70.963798	39.114002
0.000 0.000 0.000
137.208178	70.760129	38.397641
0.000 0.000 0.000
137.342983	70.168182	37.537135
0.000 0.000 0.000
136.781464	70.497651	36.815771
0.000 0.000 0.000
136.306357	70.303174	36.018660
0.000 0.000 0.000
135.373136	69.973156	36.219337
0.000 0.000 0.000
135.395487	70.636432	36.986162
0.000 0.000 0.000
135.492084	71.633832	37.058773
0.000 0.000 0.000
134.563064	71.827696	37.213702
0.000 0.000 0.000
134.076012	70.982122	37.351720
0.000 0.000 0.000
134.215883	70.365964	38.092659
0.000 0.000 0.000
134.463944	71.237079	38.346445
0.000 0.000 0.000
134.095778	71.860110	38.980683
0.000 0.000 0.000
133.577620	71.902607	38.141406
0.000 0.000 0.000
133.312752	72.783354	37.963257
0.000 0.000 0.000
132.865104	73.095774	37.195821
0.000 0.000 0.000
133.391087	72.320880	37.078306
0.000 0.000 0.000
132.412123	72.111820	37.064285
0.000 0.000 0.000
131.755345	72.604068	36.448686
0.000 0.000 0.000
131.168125	72.297277	35.705156
0.000 0.000 0.000
131.090454	71.364853	35.745822
0.000 0.000 0.000
130.674979	70.667691	36.237655
0.000 0.000 0.000
129.937651	71.197147	35.905809
0.000 0.000 0.000
130.209002	71.796191	35.154295
0.000 0.000 0.000
129.729772	72.291202	35.873682
0.000 0.000 0.000
129.143139	72.170854	35.068031
0.000 0.000 0.000
128.347116	71.651156	34.901022
0.000 0.000 0.000
129.122154	71.076612	34.811053
0.000 0.000 0.000
128.776744	70.704837	33.958437
0.000 0.000 0.000
128.934081	71.660114	34.095666
0.000 0.000 0.000
128.891906	72.541285	33.683344
0.000 0.000 0.000
128.565512	71.877041	33.082538
0.000 0.000 0.000
127.902907	71.542671	33.839150
0.000 0.000 0.000
127.884344	72.328767	34.385535
0.000 0.000 0.000
127.736066	72.674090	33.526382
0.000 0.000 0.000
128.069871	72.709280	32.586604
0.000 0.000 0.000
127.215832	72.453866	32.288900
0.000 0.000 0.000
126.546331	72.257483	31.604585
0.000 0.000 0.000
127.176056	72.910005	31.175718
0.000 0.000 0.000
128.148226	72.788175	31.137729
0.000 0.000 0.000
128.761090	73.068677	31.793858
0.000 0.000 0.000
129.013627	73.609490	32.528448
0.000 0.000 0.000
129.939503	73.949866	32.158888
0.000 0.000 0.000
129.710564	74.748725	32.713991
0.000 0.000 0.000
129.984822	74.957061	31.829071
0.000 0.000 0.000
129.800868	75.712630	31.228099
0.000 0.000 0.000
130.793343	75.541901	31.279657
0.000 0.000 0.000
130.917309	76.366523	30.677723
0.000 0.000 0.000
130.132046	76.752907	31.068778
0.000 0.000 0.000
129.638829	76.637115	31.946589
0.000 0.000 0.000
128.748113	76.598554	31.696144
0.000 0.000 0.000
128.499306	75.723542	31.316954
0.000 0.000 0.000
127.651112	76.220820	31.311772
0.000 0.000 0.000
128.270759	76.553825	30.547309
0.000 0.000 0.000
128.074118	77.218633	31.199841
0.000 0.000 0.000
127.897822	78.130677	31.213041
0.000 0.000 0.000
128.085220	78.399362	30.293482
0.000 0.000 0.000
127.710425	77.674493	29.749428
0.000 0.000 0.000
128.356402	77.909446	29.098752
0.000 0.000 0.000
128.704191	77.033249	29.105103
0.000 0.000 0.000
128.811096	77.068151	28.155292
0.000 0.000 0.000
129.136515	76.088825	28.256959
0.000 0.000 0.000
129.920525	76.510987	28.024472
0.000 0.000 0.000
130.142995	75.672794	28.484342
0.000 0.000 0.000
130.918577	75.669174	27.956462
0.000 0.000 0.000
130.980696	76.076172	28.808678
0.000 0.000 0.000
130.303530	76.753468	29.119018
0.000 0.000 0.000
130.571252	77.456599	29.771750
0.000 0.000 0.000
130.402945	77.945330	28.951504
0.000 0.000 0.000
129.511122	77.632837	28.869633
0.000 0.000 0.000
129.507811	78.029214	29.684549
0.000 0.000 0.000
129.886838	77.862134	30.574818
0.000 0.000 0.000
129.446473	78.659575	30.638424
0.000 0.000 0.000
128.942781	77.913225	30.904718
0.000 0.000 0.000
128.667336	77.732425	31.880016
0.000 0.000 0.000
128.888602	77.174194	32.695035
0.000 0.000 0.000
128.649599	78.044927	33.075146
0.000 0.000 0.000
128.950551	77.767308	34.006559
0.000 0.000 0.000
129.283305	77.685945	34.906557
0.000 0.000 0.000
128.694822	77.500190	35.679733
0.000 0.000 0.000
129.497227	77.019719	35.981043
0.000 0.000 0.000
129.317114	76.070098	36.194853
0.000 0.000 0.000
128.971441	76.249777	35.332449
0.000 0.000 0.000
128.160101	76.484266	35.776669
0.000 0.000 0.000
127.777939	76.494482	36.625532
0.000 0.000 0.000
128.026617	77.467833	36.757458
0.000 0.000 0.000
127.471033	77.115368	37.398369
0.000 0.000 0.000
127.225090	76.999330	38.337089
0.000 0.000 0.000
126.395587	76.408459	38.506165
0.000 0.000 0.000
126.178570	76.369292	37.558692
0.000 0.000 0.000
125.803872	77.254300	37.817501
0.000 0.000 0.000
125.112045	77.889634	37.438213
0.000 0.000 0.000
125.052026	77.677388	38.389519
0.000 0.000 0.000
125.699913	78.356161	38.105102
0.000 0.000 0.000
126.106370	77.664135	38.737001
0.000 0.000 0.000
125.979015	76.988896	39.439002
0.000 0.000 0.000
126.893085	77.037354	39.432793
0.000 0.000 0.000
127.258160	76.218259	39.095029
0.000 0.000 0.000
127.549166	75.770245	39.887248
0.000 0.000 0.000
127.923831	74.884208	40.025345
0.000 0.000 0.000
128.256171	74.640546	40.931316
0.000 0.000 0.000
128.326830	74.489864	41.863632
0.000 0.000 0.000
129.133238	73.985949	41.580910
0.000 0.000 0.000
128.901304	73.666851	40.688468
0.000 0.000 0.000
129.351622	74.498781	40.311525
0.000 0.000 0.000
129.882621	73.660312	40.395837
0.000 0.000 0.000
129.878776	73.949648	39.452414
0.000 0.000 0.000
129.244774	73.890875	38.779572
0.000 0.000 0.000
128.967563	74.740007	39.153698
0.000 0.000 0.000
129.460538	75.368906	38.606063
0.000 0.000 0.000
128.743131	75.892060	39.094125
0.000 0.000 0.000
128.285140	75.243826	38.570812
0.000 0.000 0.000
128.790879	74.677465	38.027923
0.000 0.000 0.000
127.990460	74.203605	37.961208
0.000 0.000 0.000
128.291844	74.608044	37.099126
0.000 0.000 0.000
129.225961	74.599813	36.998187
0.000 0.000 0.000
129.275557	74.991581	36.078205
0.000 0.000 0.000
128.427857	75.422526	36.375595
0.000 0.000 0.000
128.747060	75.623319	37.254988
0.000 0.000 0.000
128.320872	76.439585	37.734203
0.000 0.000 0.000
128.926330	76.651572	36.946438
0.000 0.000 0.000
129.716115	76.256639	37.229255
0.000 0.000 0.000
130.081501	75.418883	37.093641
0.000 0.000 0.000
130.666735	76.030099	36.728802
0.000 0.000 0.000
131.071736	75.211059	36.655735
0.000 0.000 0.000
130.918952	74.767748	37.529643
0.000 0.000 0.000
131.613472	74.468446	38.170293
0.000 0.000 0.000
132.615432	74.448363	38.430126
0.000 0.000 0.000
132.278180	73.745801	38.952887
0.000 0.000 0.000
132.499080	72.803676	38.798273
0.000 0.000 0.000
133.253296	73.374756	38.838388
0.000 0.000 0.000
133.699903	74.053526	38.387546
0.000 0.000 0.000
134.309350	73.411137	38.845510
0.000 0.000 0.000
134.877555	73.788864	39.511279
0.000 0.000 0.000
134.337984	74.517143	39.055720
0.000 0.000 0.000
133.829059	74.046788	39.784395
0.000 0.000 0.000
133.103804	73.496361	39.986208
0.000 0.000 0.000
132.808180	74.402553	39.966933
0.000 0.000 0.000
133.417714	74.884709	40.493155
0.000 0.000 0.000
133.861150	75.371490	39.824680
0.000 0.000 0.000
132.902815	75.540826	39.689737
0.000 0.000 0.000
131.941001	75.419007	39.532150
0.000 0.000 0.000
131.196045	75.274651	40.108228
0.000 0.000 0.000
131.883015	74.792909	40.617876
0.000 0.000 0.000
132.084944	74.737900	41.582609
0.000 0.000 0.000
131.082886	74.840284	41.598799
0.000 0.000 0.000
130.461263	74.521676	41.002245
0.000 0.000 0.000
130.997890	74.205282	40.309522
0.000 0.000 0.000
131.911727	73.924421	40.134234
0.000 0.000 0.000
131.360373	73.830494	39.321583
0.000 0.000 0.000
131.698781	73.033345	39.694622
0.000 0.000 0.000
131.881617	72.775706	40.597483
0.000 0.000 0.000
131.567552	73.470911	41.109492
0.000 0.000 0.000
130.804107	73.113274	40.655379
0.000 0.000 0.000
130.079953	72.513408	40.422980
0.000 0.000 0.000
130.590171	72.684201	39.535846
0.000 0.000 0.000
130.539358	73.150328	38.676365
0.000 0.000 0.000
131.493373	73.054615	38.488266
0.000 0.000 0.000
131.145138	72.705469	37.669898
0.000 0.000 0.000

