T=4.98
CPA=100
CPB=-8.52651e-14
EW=0
FW=0
J=0
LS=2245 2245 2245
t=400

1 1000
0 0

1000
-187.381041	121.581813	361.258021
0.000 0.000 0.000
-186.880675	121.562736	362.145035
0.000 0.000 0.000
-186.679953	122.390501	362.596370
0.000 0.000 0.000
-186.600954	123.141317	363.160695
0.000 0.000 0.000
-187.180880	123.877323	362.724827
0.000 0.000 0.000
-188.048267	123.605446	362.547102
0.000 0.000 0.000
-188.905447	124.153332	362.698392
0.000 0.000 0.000
-188.777289	123.703422	363.638624
0.000 0.000 0.000
-188.062899	124.036145	364.159749
0.000 0.000 0.000
-187.184655	124.112393	364.477328
0.000 0.000 0.000
-186.442232	122.999377	364.558389
0.000 0.000 0.000
-185.554278	123.199418	364.289637
0.000 0.000 0.000
-184.755092	122.912404	364.039711
0.000 0.000 0.000
-184.748066	122.083723	364.730433
0.000 0.000 0.000
-184.715720	121.671404	365.615756
0.000 0.000 0.000
-185.232319	121.119399	365.035967
0.000 0.000 0.000
-184.520384	120.918373	364.083981
0.000 0.000 0.000
-183.527580	120.834674	364.634532
0.000 0.000 0.000
-184.038030	120.045976	364.584320
0.000 0.000 0.000
-183.430808	119.920965	365.253783
0.000 0.000 0.000
-183.861054	119.219759	365.762386
0.000 0.000 0.000
-184.755571	118.834425	366.090351
0.000 0.000 0.000
-184.013144	118.711725	366.594148
0.000 0.000 0.000
-182.993664	118.517140	366.397320
0.000 0.000 0.000
-183.287927	118.026582	365.569869
0.000 0.000 0.000
-183.516553	117.359802	366.249595
0.000 0.000 0.000
-182.609292	116.946209	366.371424
0.000 0.000 0.000
-182.368095	117.270604	365.458700
0.000 0.000 0.000
-182.706096	116.447890	365.174393
0.000 0.000 0.000
-182.106673	116.832918	364.444557
0.000 0.000 0.000
-181.835389	115.996460	363.811022
0.000 0.000 0.000
-182.792320	115.799313	363.897858
0.000 0.000 0.000
-182.423992	114.988546	363.395659
0.000 0.000 0.000
-182.093865	114.774980	364.305192
0.000 0.000 0.000
-182.152035	115.225173	365.076414
0.000 0.000 0.000
-182.203135	114.717004	365.884121
0.000 0.000 0.000
-182.216587	115.397843	366.494694
0.000 0.000 0.000
-181.626131	116.256848	366.586811
0.000 0.000 0.000
-181.403057	116.624283	365.716628
0.000 0.000 0.000
-180.336189	116.676495	365.836983
0.000 0.000 0.000
-179.414671	116.369693	365.423247
0.000 0.000 0.000
-178.997917	116.746907	366.109335
0.000 0.000 0.000
-178.584551	116.610338	367.023440
0.000 0.000 0.000
-178.255918	116.827912	367.821287
0.000 0.000 0.000
-177.710285	116.399263	367.191497
0.000 0.000 0.000
-177.180754	117.245407	367.164168
0.000 0.000 0.000
-177.515014	117.714178	368.040748
0.000 0.000 0.000
-176.537588	117.724967	367.755638
0.000 0.000 0.000
-175.644562	117.807945	367.927378
0.000 0.000 0.000
-175.473668	117.563976	367.022445
0.000 0.000 0.000
-176.558483	117.846169	366.715024
0.000 0.000 0.000
-176.932717	118.727884	366.285508
0.000 0.000 0.000
-175.976080	118.876642	366.040078
0.000 0.000 0.000
-175.434744	118.688306	365.038326
0.000 0.000 0.000
-176.107239	118.717120	364.246769
0.000 0.000 0.000
-175.340149	119.176126	364.031010
0.000 0.000 0.000
-174.776680	119.829723	363.577004
0.000 0.000 0.000
-174.084720	119.141814	363.444319
0.000 0.000 0.000
-174.255814	118.748765	362.592527
0.000 0.000 0.000
-174.438777	118.825888	361.663238
0.000 0.000 0.000
-174.821123	117.992615	362.087584
0.000 0.000 0.000
-175.584139	118.282762	362.921619
0.000 0.000 0.000
-175.731154	117.974245	363.759250
0.000 0.000 0.000
-174.895323	118.039632	364.308333
0.000 0.000 0.000
-174.919529	116.989508	364.493146
0.000 0.000 0.000
-174.345277	116.514905	365.260852
0.000 0.000 0.000
-173.604111	116.029847	365.030002
0.000 0.000 0.000
-172.944905	116.461336	364.502603
0.000 0.000 0.000
-172.569395	115.642405	364.857408
0.000 0.000 0.000
-171.750625	115.764163	364.343898
0.000 0.000 0.000
-170.866672	115.896830	364.145342
0.000 0.000 0.000
-171.124079	115.570786	363.181566
0.000 0.000 0.000
-171.671609	116.489193	363.290884
0.000 0.000 0.000
-172.322130	116.801147	362.729223
0.000 0.000 0.000
-173.079261	117.294059	362.519401
0.000 0.000 0.000
-173.317440	116.429352	362.572059
0.000 0.000 0.000
-174.053145	116.937052	362.400894
0.000 0.000 0.000
-174.897913	116.974687	361.769285
0.000 0.000 0.000
-175.087111	116.042790	361.618688
0.000 0.000 0.000
-175.105814	116.565646	360.680874
0.000 0.000 0.000
-175.444823	117.365675	360.413221
0.000 0.000 0.000
-175.388862	118.392156	360.207789
0.000 0.000 0.000
-175.527252	118.581830	361.145002
0.000 0.000 0.000
-176.249363	119.209786	361.262333
0.000 0.000 0.000
-175.894206	119.660135	360.412137
0.000 0.000 0.000
-176.719962	119.561311	359.646479
0.000 0.000 0.000
-176.484314	120.432824	359.770982
0.000 0.000 0.000
-175.781629	120.567790	359.145533
0.000 0.000 0.000
-176.132391	121.406665	358.929500
0.000 0.000 0.000
-177.031358	121.479519	358.554244
0.000 0.000 0.000
-177.051208	121.508149	357.562132
0.000 0.000 0.000
-177.965358	121.368393	357.444762
0.000 0.000 0.000
-178.373733	122.204614	356.969270
0.000 0.000 0.000
-178.439054	121.457474	356.293008
0.000 0.000 0.000
-179.134905	121.113932	355.722889
0.000 0.000 0.000
-179.285077	120.462813	355.130343
0.000 0.000 0.000
-180.155923	120.715524	355.231233
0.000 0.000 0.000
-179.622950	121.431836	354.940382
0.000 0.000 0.000
-179.026098	121.687754	354.155564
0.000 0.000 0.000
-179.777297	121.708811	353.664415
0.000 0.000 0.000
-179.304891	122.088929	353.013445
0.000 0.000 0.000
-179.809149	121.606885	352.395823
0.000 0.000 0.000
-179.503648	121.813624	351.571284
0.000 0.000 0.000
-179.437739	122.627977	351.881044
0.000 0.000 0.000
-180.002302	123.128856	351.182496
0.000 0.000 0.000
-180.085440	122.838045	350.296259
0.000 0.000 0.000
-180.674652	123.362086	349.872379
0.000 0.000 0.000
-181.530156	123.354737	350.251435
0.000 0.000 0.000
-182.023773	123.951207	350.997147
0.000 0.000 0.000
-182.041457	123.984464	351.939466
0.000 0.000 0.000
-182.359737	123.051987	352.268086
0.000 0.000 0.000
-183.392953	122.811078	352.165459
0.000 0.000 0.000
-182.866344	123.351449	351.515029
0.000 0.000 0.000
-183.204363	124.322161	351.482504
0.000 0.000 0.000
-183.604646	124.630382	352.296484
0.000 0.000 0.000
-183.089922	124.976290	353.091307
0.000 0.000 0.000
-183.034449	125.438314	353.908488
0.000 0.000 0.000
-183.884012	125.913239	354.325470
0.000 0.000 0.000
-184.088804	126.940482	354.122023
0.000 0.000 0.000
-184.293767	127.836144	354.755683
0.000 0.000 0.000
-185.109826	128.568309	354.624922
0.000 0.000 0.000
-184.557074	129.088567	355.282372
0.000 0.000 0.000
-184.574898	129.583870	356.124823
0.000 0.000 0.000
-183.551890	129.722050	356.144263
0.000 0.000 0.000
-183.964154	130.490509	355.820102
0.000 0.000 0.000
-184.027968	131.400717	355.251416
0.000 0.000 0.000
-183.881806	131.268382	354.261186
0.000 0.000 0.000
-183.215118	130.668607	354.511671
0.000 0.000 0.000
-182.803933	129.986125	353.918310
0.000 0.000 0.000
-182.792150	130.591121	353.233540
0.000 0.000 0.000
-182.761288	131.028188	352.444178
0.000 0.000 0.000
-182.480958	130.816719	351.449251
0.000 0.000 0.000
-183.583096	130.652116	351.325490
0.000 0.000 0.000
-184.369048	130.023824	351.406541
0.000 0.000 0.000
-184.002712	129.163527	351.713316
0.000 0.000 0.000
-183.115798	129.237834	352.118112
0.000 0.000 0.000
-183.188622	128.715426	353.022230
0.000 0.000 0.000
-182.301458	128.512953	353.038847
0.000 0.000 0.000
-181.472123	129.006101	353.508040
0.000 0.000 0.000
-182.187989	128.473378	354.148342
0.000 0.000 0.000
-181.694191	128.897191	354.821108
0.000 0.000 0.000
-181.186222	128.094981	354.271862
0.000 0.000 0.000
-182.215166	127.559046	353.684008
0.000 0.000 0.000
-182.291924	126.608868	353.641938
0.000 0.000 0.000
-181.426922	127.042329	354.152708
0.000 0.000 0.000
-180.631044	126.937760	353.592176
0.000 0.000 0.000
-181.112721	126.469569	352.783617
0.000 0.000 0.000
-181.518961	127.430656	352.535567
0.000 0.000 0.000
-182.329732	127.140992	352.738517
0.000 0.000 0.000
-182.632973	127.125736	351.656181
0.000 0.000 0.000
-182.117111	126.338634	351.354282
0.000 0.000 0.000
-182.652570	126.039437	350.541882
0.000 0.000 0.000
-181.851491	126.214126	350.207045
0.000 0.000 0.000
-181.412186	125.808196	350.908130
0.000 0.000 0.000
-180.403308	126.121345	350.731336
0.000 0.000 0.000
-180.931682	126.195403	349.889026
0.000 0.000 0.000
-180.186976	126.657023	349.418366
0.000 0.000 0.000
-180.113019	127.464435	348.894144
0.000 0.000 0.000
-180.153682	126.970662	347.850062
0.000 0.000 0.000
-180.110000	127.604084	347.104671
0.000 0.000 0.000
-179.912552	126.893752	346.629506
0.000 0.000 0.000
-179.440187	126.137621	346.624564
0.000 0.000 0.000
-179.052866	125.561306	345.873927
0.000 0.000 0.000
-178.615621	124.782086	346.363906
0.000 0.000 0.000
-179.510252	124.984824	346.813271
0.000 0.000 0.000
-179.635156	124.119676	347.145280
0.000 0.000 0.000
-180.669360	124.082170	346.603527
0.000 0.000 0.000
-180.919725	123.778228	345.769183
0.000 0.000 0.000
-180.829447	124.804367	345.943317
0.000 0.000 0.000
-181.534633	125.679407	345.741825
0.000 0.000 0.000
-181.293220	125.549335	344.658707
0.000 0.000 0.000
-182.346837	125.827488	345.186128
0.000 0.000 0.000
-183.354052	125.770557	345.025654
0.000 0.000 0.000
-183.041092	125.486556	344.171489
0.000 0.000 0.000
-182.866184	124.643165	344.122071
0.000 0.000 0.000
-182.591851	125.024364	343.265081
0.000 0.000 0.000
-183.406041	125.578833	343.173121
0.000 0.000 0.000
-183.308269	126.435476	342.560873
0.000 0.000 0.000
-182.619658	125.879300	342.389206
0.000 0.000 0.000
-181.990794	126.576512	342.015045
0.000 0.000 0.000
-182.131736	126.800245	343.112225
0.000 0.000 0.000
-181.314880	126.999510	343.546563
0.000 0.000 0.000
-181.879632	126.953250	344.645889
0.000 0.000 0.000
-181.937419	127.842860	345.133613
0.000 0.000 0.000
-180.979284	127.665681	345.144515
0.000 0.000 0.000
-180.393618	126.959558	344.798074
0.000 0.000 0.000
-180.459400	126.460387	343.957014
0.000 0.000 0.000
-179.480546	126.849978	343.781628
0.000 0.000 0.000
-179.375073	125.781982	343.170717
0.000 0.000 0.000
-178.891824	126.181164	342.072520
0.000 0.000 0.000
-178.565571	126.536911	341.152065
0.000 0.000 0.000
-178.255851	126.027777	340.343558
0.000 0.000 0.000
-177.692838	125.714437	341.089112
0.000 0.000 0.000
-177.096150	124.886137	340.838678
0.000 0.000 0.000
-177.597346	124.169268	340.949176
0.000 0.000 0.000
-177.844235	123.482302	340.237344
0.000 0.000 0.000
-177.348606	124.323939	339.777430
0.000 0.000 0.000
-176.546401	124.753443	339.849909
0.000 0.000 0.000
-176.771191	125.426438	339.375968
0.000 0.000 0.000
-176.042895	125.652938	340.035762
0.000 0.000 0.000
-175.811307	124.902588	340.702292
0.000 0.000 0.000
-175.098406	124.360938	340.059121
0.000 0.000 0.000
-175.004389	123.377183	339.914043
0.000 0.000 0.000
-175.843416	123.555612	339.312980
0.000 0.000 0.000
-175.311528	123.513501	338.555451
0.000 0.000 0.000
-175.108132	122.725988	338.936412
0.000 0.000 0.000
-174.830312	122.243338	338.239535
0.000 0.000 0.000
-175.300620	121.479212	338.021208
0.000 0.000 0.000
-176.113078	122.285464	337.552364
0.000 0.000 0.000
-176.192886	121.419471	337.289272
0.000 0.000 0.000
-175.679005	121.778477	336.553394
0.000 0.000 0.000
-175.207135	122.050526	335.745749
0.000 0.000 0.000
-175.628510	123.014097	335.517274
0.000 0.000 0.000
-175.509151	123.474321	334.474759
0.000 0.000 0.000
-175.023092	123.174296	333.483330
0.000 0.000 0.000
-174.325507	123.271070	332.839350
0.000 0.000 0.000
-174.166464	122.950034	333.763091
0.000 0.000 0.000
-174.682547	122.313489	333.643412
0.000 0.000 0.000
-173.970972	122.058525	333.076903
0.000 0.000 0.000
-173.681588	121.517543	332.422441
0.000 0.000 0.000
-173.691820	120.895358	331.424088
0.000 0.000 0.000
-173.566734	119.989322	331.290042
0.000 0.000 0.000
-174.329017	119.614319	331.049718
0.000 0.000 0.000
-175.049202	119.774747	330.407040
0.000 0.000 0.000
-175.312565	120.082486	329.394618
0.000 0.000 0.000
-175.723652	121.014945	329.324506
0.000 0.000 0.000
-176.757771	120.957724	329.365149
0.000 0.000 0.000
-177.467155	120.110508	328.933283
0.000 0.000 0.000
-177.792665	120.979648	329.162780
0.000 0.000 0.000
-178.427869	120.292679	329.595149
0.000 0.000 0.000
-178.798159	121.286483	329.658376
0.000 0.000 0.000
-179.415779	121.609875	328.825719
0.000 0.000 0.000
-178.591490	121.948578	328.406208
0.000 0.000 0.000
-179.403547	122.014821	327.790340
0.000 0.000 0.000
-178.629510	122.244220	327.307385
0.000 0.000 0.000
-179.164203	121.960801	326.575915
0.000 0.000 0.000
-179.622248	121.115091	326.604511
0.000 0.000 0.000
-179.573692	121.061971	325.480163
0.000 0.000 0.000
-180.236699	121.950723	325.671525
0.000 0.000 0.000
-180.547265	123.002770	325.623287
0.000 0.000 0.000
-180.780777	123.566745	324.889254
0.000 0.000 0.000
-179.875861	123.875266	325.179587
0.000 0.000 0.000
-178.868965	123.960793	325.295882
0.000 0.000 0.000
-178.831630	124.566932	326.199574
0.000 0.000 0.000
-179.739520	124.903443	326.372219
0.000 0.000 0.000
-180.312998	125.785477	326.542276
0.000 0.000 0.000
-181.055630	126.387856	326.747832
0.000 0.000 0.000
-181.424620	125.655565	326.141102
0.000 0.000 0.000
-182.254759	126.155395	325.643860
0.000 0.000 0.000
-181.451071	126.607296	325.711854
0.000 0.000 0.000
-180.907554	127.333264	325.747218
0.000 0.000 0.000
-180.321484	127.826339	326.174623
0.000 0.000 0.000
-179.665383	127.140245	326.462958
0.000 0.000 0.000
-180.174394	126.496126	327.061461
0.000 0.000 0.000
-179.584831	125.632577	327.279174
0.000 0.000 0.000
-179.818317	125.074204	328.042679
0.000 0.000 0.000
-180.183752	124.151980	327.619379
0.000 0.000 0.000
-181.075078	124.078101	327.140700
0.000 0.000 0.000
-180.894502	123.353551	327.912789
0.000 0.000 0.000
-180.264931	123.233239	328.660059
0.000 0.000 0.000
-179.305582	122.979669	328.996653
0.000 0.000 0.000
-179.854134	122.446160	329.799245
0.000 0.000 0.000
-179.233383	122.459593	330.419212
0.000 0.000 0.000
-179.604804	122.124475	331.143700
0.000 0.000 0.000
-180.553594	122.061025	330.681034
0.000 0.000 0.000
-180.795634	123.068476	330.584597
0.000 0.000 0.000
-181.359013	122.657955	331.535160
0.000 0.000 0.000
-181.027080	123.316353	332.141834
0.000 0.000 0.000
-181.965030	123.381144	331.861262
0.000 0.000 0.000
-182.722790	122.985621	331.644052
0.000 0.000 0.000
-182.939620	123.901237	331.587787
0.000 0.000 0.000
-183.167538	124.706243	331.378421
0.000 0.000 0.000
-184.267487	124.793699	331.671376
0.000 0.000 0.000
-184.124881	125.455568	330.912020
0.000 0.000 0.000
-183.803194	126.464527	330.750589
0.000 0.000 0.000
-183.719938	126.821930	331.687171
0.000 0.000 0.000
-183.918867	127.488009	330.981755
0.000 0.000 0.000
-184.107246	127.747053	331.856588
0.000 0.000 0.000
-184.877872	127.708273	331.173507
0.000 0.000 0.000
-185.446623	127.120239	330.720977
0.000 0.000 0.000
-185.929313	126.534997	330.211149
0.000 0.000 0.000
-185.115819	127.051755	329.483460
0.000 0.000 0.000
-184.533309	126.580379	330.078276
0.000 0.000 0.000
-185.136999	126.085279	329.512919
0.000 0.000 0.000
-185.535827	125.150510	329.130220
0.000 0.000 0.000
-184.759536	124.592771	329.513834
0.000 0.000 0.000
-185.205390	123.995777	328.798391
0.000 0.000 0.000
-184.831904	123.811547	327.928247
0.000 0.000 0.000
-185.551372	123.759429	327.197552
0.000 0.000 0.000
-186.476692	123.939442	327.016569
0.000 0.000 0.000
-186.100558	123.418270	326.292100
0.000 0.000 0.000
-185.253983	123.091013	326.301187
0.000 0.000 0.000
-184.595844	122.688864	326.824484
0.000 0.000 0.000
-184.149352	123.118212	327.648108
0.000 0.000 0.000
-183.498847	123.409121	326.842126
0.000 0.000 0.000
-182.536311	123.322444	326.699796
0.000 0.000 0.000
-182.876890	123.719322	325.897454
0.000 0.000 0.000
-183.110740	124.437851	325.246585
0.000 0.000 0.000
-184.143119	124.014100	325.721504
0.000 0.000 0.000
-184.135996	124.112648	326.729853
0.000 0.000 0.000
-184.928116	124.428429	326.835363
0.000 0.000 0.000
-184.939614	124.768837	326.043607
0.000 0.000 0.000
-184.872952	124.989425	325.118123
0.000 0.000 0.000
-184.634616	124.866136	324.103399
0.000 0.000 0.000
-184.787581	123.928544	323.945316
0.000 0.000 0.000
-185.822997	123.764893	324.055200
0.000 0.000 0.000
-186.151095	124.652448	323.817032
0.000 0.000 0.000
-186.576912	124.791728	324.696696
0.000 0.000 0.000
-186.986524	125.591058	324.439624
0.000 0.000 0.000
-187.654547	126.016733	323.810772
0.000 0.000 0.000
-188.550620	126.641776	323.367640
0.000 0.000 0.000
-188.433142	127.314995	322.700998
0.000 0.000 0.000
-189.056356	128.025641	322.885000
0.000 0.000 0.000
-189.087074	128.227160	321.879075
0.000 0.000 0.000
-189.976092	128.330612	321.469738
0.000 0.000 0.000
-190.108465	127.280221	321.675624
0.000 0.000 0.000
-190.233906	126.739788	322.410857
0.000 0.000 0.000
-190.107576	127.225375	323.109791
0.000 0.000 0.000
-191.009639	127.069463	322.528103
0.000 0.000 0.000
-191.760456	126.253212	322.355905
0.000 0.000 0.000
-192.226007	127.134775	322.228065
0.000 0.000 0.000
-193.006399	126.737489	321.664362
0.000 0.000 0.000
-193.267381	125.837645	321.506558
0.000 0.000 0.000
-194.143067	125.281915	321.717938
0.000 0.000 0.000
-193.632946	125.217679	322.458910
0.000 0.000 0.000
-194.554469	125.555745	322.639435
0.000 0.000 0.000
-194.993909	126.045290	323.332233
0.000 0.000 0.000
-195.664757	126.746132	323.503660
0.000 0.000 0.000
-195.977561	125.782320	323.367157
0.000 0.000 0.000
-196.879754	125.422866	323.225519
0.000 0.000 0.000
-196.210857	124.774888	322.921874
0.000 0.000 0.000
-195.752795	124.696599	321.946209
0.000 0.000 0.000
-196.663444	125.199311	321.913897
0.000 0.000 0.000
-196.466075	124.139066	321.785337
0.000 0.000 0.000
-196.379097	124.528639	320.874842
0.000 0.000 0.000
-196.336515	125.382370	320.455670
0.000 0.000 0.000
-195.618081	126.043067	320.789692
0.000 0.000 0.000
-194.779692	125.922732	320.272630
0.000 0.000 0.000
-195.200700	125.062734	320.510093
0.000 0.000 0.000
-194.934877	124.151211	321.100311
0.000 0.000 0.000
-194.710102	123.143181	320.716277
0.000 0.000 0.000
-194.428395	123.176373	321.578988
0.000 0.000 0.000
-193.483538	123.609418	321.517412
0.000 0.000 0.000
-192.473757	123.636626	321.344224
0.000 0.000 0.000
-193.061586	123.179494	320.715908
0.000 0.000 0.000
-192.919936	123.837648	319.909882
0.000 0.000 0.000
-192.064648	123.656607	319.466159
0.000 0.000 0.000
-191.727859	124.233696	320.079536
0.000 0.000 0.000
-190.899020	123.682372	319.711322
0.000 0.000 0.000
-190.262295	123.577942	318.811440
0.000 0.000 0.000
-189.965216	122.849860	319.112665
0.000 0.000 0.000
-190.314937	121.868287	319.095456
0.000 0.000 0.000
-189.826960	121.246679	319.609409
0.000 0.000 0.000
-189.707290	121.407768	320.673471
0.000 0.000 0.000
-189.348266	120.474664	320.565104
0.000 0.000 0.000
-189.519634	119.970167	319.693803
0.000 0.000 0.000
-188.939481	119.661550	319.085600
0.000 0.000 0.000
-189.263185	118.935687	319.533058
0.000 0.000 0.000
-188.866155	118.072851	319.451048
0.000 0.000 0.000
-187.887596	118.456678	319.251487
0.000 0.000 0.000
-188.325718	117.730039	318.628271
0.000 0.000 0.000
-188.388426	118.255993	317.899673
0.000 0.000 0.000
-188.930268	118.828683	318.586448
0.000 0.000 0.000
-188.125556	119.289421	318.389575
0.000 0.000 0.000
-187.993735	119.021786	317.342146
0.000 0.000 0.000
-187.220261	118.388475	317.438372
0.000 0.000 0.000
-186.259238	118.493147	317.595484
0.000 0.000 0.000
-185.573275	118.302873	318.371318
0.000 0.000 0.000
-186.115375	117.665676	318.833680
0.000 0.000 0.000
-185.576603	117.485679	319.589879
0.000 0.000 0.000
-185.744027	118.446473	319.340585
0.000 0.000 0.000
-184.745047	118.471028	319.101888
0.000 0.000 0.000
-185.258513	119.366325	319.203552
0.000 0.000 0.000
-184.565781	120.304758	319.032371
0.000 0.000 0.000
-183.696838	120.658558	319.261133
0.000 0.000 0.000
-182.844816	121.089823	319.316445
0.000 0.000 0.000
-182.233548	121.800423	319.072400
0.000 0.000 0.000
-182.129345	121.186511	318.339172
0.000 0.000 0.000
-182.928528	121.162639	317.830698
0.000 0.000 0.000
-182.913410	122.009701	317.335654
0.000 0.000 0.000
-183.975267	121.855325	316.942744
0.000 0.000 0.000
-183.953269	121.762746	316.065252
0.000 0.000 0.000
-184.160377	121.168579	315.298890
0.000 0.000 0.000
-184.694183	121.729197	314.689416
0.000 0.000 0.000
-184.662140	120.750220	314.481402
0.000 0.000 0.000
-185.224684	119.837838	314.563707
0.000 0.000 0.000
-184.982222	119.928067	313.637308
0.000 0.000 0.000
-184.546093	119.221572	313.222496
0.000 0.000 0.000
-184.363496	118.692047	312.348434
0.000 0.000 0.000
-184.480198	118.291548	311.413659
0.000 0.000 0.000
-183.649390	118.435166	310.734804
0.000 0.000 0.000
-183.042271	119.142257	310.563952
0.000 0.000 0.000
-183.647561	119.876683	310.478502
0.000 0.000 0.000
-184.091042	120.773544	310.645634
0.000 0.000 0.000
-184.393702	120.675441	309.814342
0.000 0.000 0.000
-184.776138	119.916199	310.386345
0.000 0.000 0.000
-185.371912	119.773189	309.594842
0.000 0.000 0.000
-185.912180	120.437885	309.131372
0.000 0.000 0.000
-186.729309	120.032457	309.718870
0.000 0.000 0.000
-187.568065	120.461346	309.222884
0.000 0.000 0.000
-187.952563	121.323091	309.275347
0.000 0.000 0.000
-188.468743	122.110259	309.396808
0.000 0.000 0.000
-189.370023	121.664333	309.561888
0.000 0.000 0.000
-189.494484	122.625617	310.050103
0.000 0.000 0.000
-190.073938	123.362442	310.127461
0.000 0.000 0.000
-190.589479	124.034413	310.367684
0.000 0.000 0.000
-191.266216	124.491089	309.812024
0.000 0.000 0.000
-192.063917	124.381328	309.394065
0.000 0.000 0.000
-192.650319	124.451846	308.579479
0.000 0.000 0.000
-193.161863	124.816661	309.433156
0.000 0.000 0.000
-192.329253	125.488680	309.595924
0.000 0.000 0.000
-192.688606	126.350757	309.498463
0.000 0.000 0.000
-193.683074	126.459116	309.704684
0.000 0.000 0.000
-193.672235	125.728331	309.201931
0.000 0.000 0.000
-194.716940	126.351246	309.205360
0.000 0.000 0.000
-195.001545	125.709545	308.703162
0.000 0.000 0.000
-195.758652	125.825067	309.576742
0.000 0.000 0.000
-196.042855	125.865001	308.437679
0.000 0.000 0.000
-195.759281	126.802263	308.242173
0.000 0.000 0.000
-196.382796	126.680677	307.497327
0.000 0.000 0.000
-196.009006	125.896834	307.049246
0.000 0.000 0.000
-195.378370	126.256395	306.498550
0.000 0.000 0.000
-195.556400	125.778589	305.575947
0.000 0.000 0.000
-195.942300	126.578322	305.041807
0.000 0.000 0.000
-195.136419	126.487098	304.436117
0.000 0.000 0.000
-194.706385	127.157123	303.774233
0.000 0.000 0.000
-193.894289	127.431062	303.871938
0.000 0.000 0.000
-193.768814	126.854026	304.632698
0.000 0.000 0.000
-193.313625	126.071812	304.510235
0.000 0.000 0.000
-193.442079	126.229352	303.511180
0.000 0.000 0.000
-192.547752	126.336801	303.614446
0.000 0.000 0.000
-192.742373	125.514849	303.922436
0.000 0.000 0.000
-192.652188	125.282120	304.896776
0.000 0.000 0.000
-193.503958	125.555745	305.342589
0.000 0.000 0.000
-193.643246	126.565181	305.724047
0.000 0.000 0.000
-194.466447	126.012774	305.722150
0.000 0.000 0.000
-194.822031	125.037215	305.850857
0.000 0.000 0.000
-195.271119	124.398142	305.211818
0.000 0.000 0.000
-194.534851	123.970870	305.656444
0.000 0.000 0.000
-195.448655	124.013285	306.134089
0.000 0.000 0.000
-196.125435	123.495624	306.920376
0.000 0.000 0.000
-195.481754	122.998342	306.611790
0.000 0.000 0.000
-195.341259	123.081637	305.586683
0.000 0.000 0.000
-196.196367	122.410896	305.658918
0.000 0.000 0.000
-196.858017	122.184942	306.335295
0.000 0.000 0.000
-196.702170	121.512962	305.577959
0.000 0.000 0.000
-197.578381	121.495370	305.521731
0.000 0.000 0.000
-198.415616	121.807706	305.217007
0.000 0.000 0.000
-199.142983	122.277157	304.814582
0.000 0.000 0.000
-200.172479	122.446622	304.895137
0.000 0.000 0.000
-200.508475	121.575909	304.769848
0.000 0.000 0.000
-200.561132	120.345276	304.685557
0.000 0.000 0.000
-199.737823	120.302672	305.427080
0.000 0.000 0.000
-199.378619	119.436505	304.870087
0.000 0.000 0.000
-198.635997	119.300236	304.119727
0.000 0.000 0.000
-198.230412	120.231532	304.171790
0.000 0.000 0.000
-197.877173	119.752756	304.875231
0.000 0.000 0.000
-198.403352	119.307518	305.578450
0.000 0.000 0.000
-199.294834	119.623008	305.888427
0.000 0.000 0.000
-199.412068	120.335602	306.559580
0.000 0.000 0.000
-198.701500	120.658095	306.220134
0.000 0.000 0.000
-197.972495	120.082750	306.351424
0.000 0.000 0.000
-198.737082	119.410117	306.705321
0.000 0.000 0.000
-199.445813	119.573499	307.611792
0.000 0.000 0.000
-200.426445	119.576402	308.157745
0.000 0.000 0.000
-200.949783	119.073646	307.449201
0.000 0.000 0.000
-200.860514	118.327895	307.982072
0.000 0.000 0.000
-200.117062	117.984929	308.638843
0.000 0.000 0.000
-200.736698	117.011083	308.454869
0.000 0.000 0.000
-200.634087	116.220720	308.831663
0.000 0.000 0.000
-199.700116	116.408311	308.529514
0.000 0.000 0.000
-199.826802	116.287243	309.478534
0.000 0.000 0.000
-200.226475	116.044678	310.261016
0.000 0.000 0.000
-200.927058	115.507818	311.005072
0.000 0.000 0.000
-201.607039	115.053653	310.475759
0.000 0.000 0.000
-201.495391	114.240866	310.036370
0.000 0.000 0.000
-200.548420	113.951952	310.446704
0.000 0.000 0.000
-201.239546	114.010969	311.126468
0.000 0.000 0.000
-201.415526	114.103690	312.009465
0.000 0.000 0.000
-202.341571	114.185565	311.595446
0.000 0.000 0.000
-202.184148	115.173853	311.780573
0.000 0.000 0.000
-202.957129	115.504284	311.159154
0.000 0.000 0.000
-202.126365	115.844270	311.018649
0.000 0.000 0.000
-202.049541	116.597450	311.392044
0.000 0.000 0.000
-201.556195	117.120294	311.945293
0.000 0.000 0.000
-201.635600	117.673303	312.744357
0.000 0.000 0.000
-202.005714	118.383626	313.191126
0.000 0.000 0.000
-202.050338	118.623370	314.251402
0.000 0.000 0.000
-202.803833	119.113389	314.526990
0.000 0.000 0.000
-203.663393	119.174031	314.881581
0.000 0.000 0.000
-203.866057	118.846049	314.051592
0.000 0.000 0.000
-204.780591	119.125787	313.998251
0.000 0.000 0.000
-205.580807	119.352298	313.367166
0.000 0.000 0.000
-205.104724	120.006894	313.811617
0.000 0.000 0.000
-203.964946	120.137758	313.565674
0.000 0.000 0.000
-204.380404	120.899872	313.248811
0.000 0.000 0.000
-204.081717	120.102045	312.534580
0.000 0.000 0.000
-203.837285	120.764511	311.912644
0.000 0.000 0.000
-204.360984	120.996082	311.162694
0.000 0.000 0.000
-204.088968	120.959112	310.269702
0.000 0.000 0.000
-204.166324	121.776059	309.868710
0.000 0.000 0.000
-204.758888	121.175414	309.305601
0.000 0.000 0.000
-205.063731	121.919640	310.058641
0.000 0.000 0.000
-205.390979	122.803641	310.232501
0.000 0.000 0.000
-206.047297	123.428073	309.797166
0.000 0.000 0.000
-205.192077	123.501025	309.446938
0.000 0.000 0.000
-204.710611	124.183978	309.977195
0.000 0.000 0.000
-204.248734	125.206828	310.150802
0.000 0.000 0.000
-205.306730	125.566289	310.055488
0.000 0.000 0.000
-205.708288	125.532175	310.979019
0.000 0.000 0.000
-206.054608	126.338206	311.623377
0.000 0.000 0.000
-205.115472	126.895750	310.999365
0.000 0.000 0.000
-205.747449	127.599000	310.364388
0.000 0.000 0.000
-206.797522	127.336312	310.521145
0.000 0.000 0.000
-206.886340	126.403142	310.199955
0.000 0.000 0.000
-207.609018	125.837077	310.428464
0.000 0.000 0.000
-207.147661	125.057484	310.788443
0.000 0.000 0.000
-207.190796	124.846461	311.909049
0.000 0.000 0.000
-206.673171	124.019864	312.234283
0.000 0.000 0.000
-207.800769	124.141709	312.354966
0.000 0.000 0.000
-207.904797	123.449328	311.624445
0.000 0.000 0.000
-208.349420	122.584008	311.796553
0.000 0.000 0.000
-207.951535	121.749063	312.355813
0.000 0.000 0.000
-208.635341	120.888912	312.797604
0.000 0.000 0.000
-208.570693	121.476617	313.629161
0.000 0.000 0.000
-209.468121	121.149366	313.381839
0.000 0.000 0.000
-209.828012	120.413889	312.916448
0.000 0.000 0.000
-210.691991	120.759443	313.127721
0.000 0.000 0.000
-211.551977	120.289273	312.788187
0.000 0.000 0.000
-210.977096	120.920716	312.202722
0.000 0.000 0.000
-210.005099	120.627034	311.811901
0.000 0.000 0.000
-209.682092	121.365193	312.149990
0.000 0.000 0.000
-208.789471	121.652729	311.932654
0.000 0.000 0.000
-209.181717	122.185871	312.696416
0.000 0.000 0.000
-209.658957	122.234283	313.543553
0.000 0.000 0.000
-209.880200	123.126665	313.262747
0.000 0.000 0.000
-209.897942	123.385114	312.339891
0.000 0.000 0.000
-210.686852	123.377252	311.742691
0.000 0.000 0.000
-211.576816	123.840130	311.303209
0.000 0.000 0.000
-211.615950	124.789961	311.892867
0.000 0.000 0.000
-210.755593	125.103892	311.688283
0.000 0.000 0.000
-210.079851	125.203714	311.156024
0.000 0.000 0.000
-209.455420	125.982291	310.981769
0.000 0.000 0.000
-208.578962	126.291229	311.137910
0.000 0.000 0.000
-208.900302	126.104267	310.128071
0.000 0.000 0.000
-209.563255	125.405967	310.121155
0.000 0.000 0.000
-209.352997	125.799619	309.170517
0.000 0.000 0.000
-208.920955	125.112239	308.446982
0.000 0.000 0.000
-209.693214	124.872856	309.074710
0.000 0.000 0.000
-210.540710	124.504624	308.900511
0.000 0.000 0.000
-211.162696	124.245257	309.567474
0.000 0.000 0.000
-212.018607	124.101563	309.301254
0.000 0.000 0.000
-212.515139	123.232690	309.630322
0.000 0.000 0.000
-212.223491	123.034436	310.500356
0.000 0.000 0.000
-212.964245	123.666605	310.733287
0.000 0.000 0.000
-213.550563	123.506321	311.528314
0.000 0.000 0.000
-212.764127	123.204117	311.974637
0.000 0.000 0.000
-212.898104	122.145916	312.235386
0.000 0.000 0.000
-213.262359	121.821710	311.401223
0.000 0.000 0.000
-214.058103	122.269217	311.282457
0.000 0.000 0.000
-214.302093	121.467893	311.482604
0.000 0.000 0.000
-214.182782	121.931124	312.323397
0.000 0.000 0.000
-214.945840	122.712484	312.817413
0.000 0.000 0.000
-215.474018	123.451241	312.544325
0.000 0.000 0.000
-216.539871	123.555326	312.230047
0.000 0.000 0.000
-216.764439	124.328921	311.560255
0.000 0.000 0.000
-216.144115	125.219998	311.590580
0.000 0.000 0.000
-215.858806	125.895969	310.926589
0.000 0.000 0.000
-215.505751	126.721844	311.456508
0.000 0.000 0.000
-214.990324	127.213797	310.836575
0.000 0.000 0.000
-215.501448	127.828714	310.166339
0.000 0.000 0.000
-214.743918	128.183283	309.620561
0.000 0.000 0.000
-214.828876	129.079770	309.771189
0.000 0.000 0.000
-213.988339	129.529868	309.354211
0.000 0.000 0.000
-212.994013	129.506433	309.587062
0.000 0.000 0.000
-212.804683	128.464880	309.256641
0.000 0.000 0.000
-213.148644	127.810879	309.741090
0.000 0.000 0.000
-212.734451	127.236791	310.338678
0.000 0.000 0.000
-211.975639	128.073127	310.208702
0.000 0.000 0.000
-212.076755	129.190442	310.455631
0.000 0.000 0.000
-211.930472	129.993969	310.717170
0.000 0.000 0.000
-211.889678	130.710719	311.287702
0.000 0.000 0.000
-211.065956	130.580339	311.136827
0.000 0.000 0.000
-211.158626	129.984879	311.928278
0.000 0.000 0.000
-210.843625	130.805268	312.110342
0.000 0.000 0.000
-210.528325	131.591783	312.785007
0.000 0.000 0.000
-210.587045	132.515224	313.106970
0.000 0.000 0.000
-210.586897	132.995357	313.839992
0.000 0.000 0.000
-210.429286	133.964104	313.132811
0.000 0.000 0.000
-211.326930	133.983641	313.430446
0.000 0.000 0.000
-212.077107	134.660169	313.465813
0.000 0.000 0.000
-212.833277	134.938083	312.792360
0.000 0.000 0.000
-212.318977	134.516358	312.067509
0.000 0.000 0.000
-212.296320	134.274355	310.978053
0.000 0.000 0.000
-211.770325	135.178048	311.162767
0.000 0.000 0.000
-211.398445	135.128197	310.222291
0.000 0.000 0.000
-212.319686	135.433817	310.140429
0.000 0.000 0.000
-212.432868	134.504789	309.876336
0.000 0.000 0.000
-213.151347	134.139338	309.253307
0.000 0.000 0.000
-213.268145	133.237083	309.091450
0.000 0.000 0.000
-214.148707	133.321886	309.652137
0.000 0.000 0.000
-214.761470	133.038440	310.305345
0.000 0.000 0.000
-214.274638	132.376914	309.926241
0.000 0.000 0.000
-215.076885	131.953647	309.656823
0.000 0.000 0.000
-214.431167	131.664614	308.990549
0.000 0.000 0.000
-214.870317	130.650102	309.001942
0.000 0.000 0.000
-214.823611	130.202914	308.193733
0.000 0.000 0.000
-215.553613	129.929958	307.642850
0.000 0.000 0.000
-216.131450	130.220170	306.749852
0.000 0.000 0.000
-216.624267	129.073309	306.979882
0.000 0.000 0.000
-217.096424	128.328776	306.871845
0.000 0.000 0.000
-216.784359	127.383290	306.978644
0.000 0.000 0.000
-216.350214	127.153261	306.159028
0.000 0.000 0.000
-216.667456	126.333691	306.277981
0.000 0.000 0.000
-217.256973	125.838476	306.778991
0.000 0.000 0.000
-217.336066	126.615768	307.330159
0.000 0.000 0.000
-217.978002	125.833465	307.542954
0.000 0.000 0.000
-217.789950	124.826084	307.928435
0.000 0.000 0.000
-217.710633	124.708028	307.034799
0.000 0.000 0.000
-218.069327	124.734570	306.169109
0.000 0.000 0.000
-217.915788	123.822417	306.003371
0.000 0.000 0.000
-216.987772	123.718661	305.811215
0.000 0.000 0.000
-217.323744	123.012084	306.529989
0.000 0.000 0.000
-217.889632	122.271943	306.880407
0.000 0.000 0.000
-217.673165	121.462151	307.383280
0.000 0.000 0.000
-217.201042	122.379044	307.515921
0.000 0.000 0.000
-216.316988	121.994789	307.192276
0.000 0.000 0.000
-215.626046	122.448527	306.717089
0.000 0.000 0.000
-215.114153	122.963688	306.173134
0.000 0.000 0.000
-214.379968	122.709880	305.680614
0.000 0.000 0.000
-213.623411	123.075568	305.250650
0.000 0.000 0.000
-212.775654	122.742072	305.506790
0.000 0.000 0.000
-212.612696	123.568957	304.927021
0.000 0.000 0.000
-212.768832	123.209332	303.924018
0.000 0.000 0.000
-212.928605	122.319860	303.660559
0.000 0.000 0.000
-212.560816	121.552434	304.148738
0.000 0.000 0.000
-211.656932	121.977719	304.090279
0.000 0.000 0.000
-212.016091	121.543265	303.206689
0.000 0.000 0.000
-212.760598	121.382001	302.485905
0.000 0.000 0.000
-213.223471	120.774968	301.949337
0.000 0.000 0.000
-212.711480	120.762683	301.152884
0.000 0.000 0.000
-213.291982	120.229787	300.805109
0.000 0.000 0.000
-213.067866	120.982268	299.960968
0.000 0.000 0.000
-213.771552	120.543814	299.618514
0.000 0.000 0.000
-214.055591	121.340025	300.083782
0.000 0.000 0.000
-214.554618	121.321747	299.255500
0.000 0.000 0.000
-215.512133	121.348771	299.288864
0.000 0.000 0.000
-216.494728	121.156721	299.397435
0.000 0.000 0.000
-217.477932	120.821300	299.698376
0.000 0.000 0.000
-217.955514	120.004865	299.606327
0.000 0.000 0.000
-218.918428	120.022833	299.250926
0.000 0.000 0.000
-218.991188	120.907497	298.930685
0.000 0.000 0.000
-218.586273	121.865683	298.485107
0.000 0.000 0.000
-218.823740	122.891260	298.754494
0.000 0.000 0.000
-218.872838	123.871970	298.825791
0.000 0.000 0.000
-218.856752	123.805615	299.765084
0.000 0.000 0.000
-218.738234	122.817634	299.747401
0.000 0.000 0.000
-217.993539	123.169814	300.249872
0.000 0.000 0.000
-217.458693	122.959640	301.041302
0.000 0.000 0.000
-217.306997	121.991470	300.622332
0.000 0.000 0.000
-218.023512	121.492696	300.222776
0.000 0.000 0.000
-218.912905	121.447114	300.500386
0.000 0.000 0.000
-219.763862	121.635474	300.923725
0.000 0.000 0.000
-219.309923	121.133755	301.678600
0.000 0.000 0.000
-219.582231	120.243482	301.337199
0.000 0.000 0.000
-220.506621	120.592211	301.395493
0.000 0.000 0.000
-221.030664	120.667796	300.509297
0.000 0.000 0.000
-220.876411	120.761786	299.585071
0.000 0.000 0.000
-220.362684	121.357596	299.093818
0.000 0.000 0.000
-220.161333	121.289790	298.111990
0.000 0.000 0.000
-219.995922	121.633752	297.199416
0.000 0.000 0.000
-219.179759	120.920265	297.098610
0.000 0.000 0.000
-219.267445	119.981388	297.606372
0.000 0.000 0.000
-219.954833	120.610329	296.650038
0.000 0.000 0.000
-220.639318	120.472843	295.871470
0.000 0.000 0.000
-221.199804	120.425745	296.884667
0.000 0.000 0.000
-221.823802	120.988290	297.508168
0.000 0.000 0.000
-222.575383	120.826168	298.444262
0.000 0.000 0.000
-223.225715	120.362792	299.306150
0.000 0.000 0.000
-223.090154	120.457920	300.207178
0.000 0.000 0.000
-222.937088	121.201168	299.766983
0.000 0.000 0.000
-222.518008	122.116230	299.722492
0.000 0.000 0.000
-223.324906	122.560616	299.521755
0.000 0.000 0.000
-224.095725	122.717886	300.352075
0.000 0.000 0.000
-224.715367	123.132280	299.804048
0.000 0.000 0.000
-225.080906	123.715053	299.173293
0.000 0.000 0.000
-225.051817	124.394340	299.858386
0.000 0.000 0.000
-226.034443	124.248606	299.861437
0.000 0.000 0.000
-226.172570	124.823266	300.665539
0.000 0.000 0.000
-227.098158	124.641434	300.376845
0.000 0.000 0.000
-226.877878	123.802450	301.037749
0.000 0.000 0.000
-227.930083	123.964972	301.011210
0.000 0.000 0.000
-228.715636	123.889976	300.450217
0.000 0.000 0.000
-229.721414	123.825900	300.501432
0.000 0.000 0.000
-230.176090	124.659145	300.756186
0.000 0.000 0.000
-229.794266	125.487553	301.436025
0.000 0.000 0.000
-229.385105	126.471420	301.842535
0.000 0.000 0.000
-230.272780	126.480937	301.605101
0.000 0.000 0.000
-229.937483	127.188221	302.132355
0.000 0.000 0.000
-230.018303	127.535847	301.201390
0.000 0.000 0.000
-230.947367	127.205695	301.433894
0.000 0.000 0.000
-230.808994	128.248273	300.927104
0.000 0.000 0.000
-230.625595	129.141017	300.583521
0.000 0.000 0.000
-231.079974	129.779953	301.147911
0.000 0.000 0.000
-231.988112	129.887357	300.858517
0.000 0.000 0.000
-232.821819	129.545728	301.159814
0.000 0.000 0.000
-232.727040	130.401029	301.621760
0.000 0.000 0.000
-232.701609	131.030117	300.869043
0.000 0.000 0.000
-232.084026	131.301454	301.852902
0.000 0.000 0.000
-232.520818	132.181061	301.738179
0.000 0.000 0.000
-232.934368	131.422079	302.398286
0.000 0.000 0.000
-233.796188	131.147882	301.715304
0.000 0.000 0.000
-234.158761	130.314241	302.128881
0.000 0.000 0.000
-233.362957	129.699345	302.283402
0.000 0.000 0.000
-233.560853	128.689094	302.498458
0.000 0.000 0.000
-233.236995	128.541679	301.401898
0.000 0.000 0.000
-234.176896	128.288936	300.961856
0.000 0.000 0.000
-234.902484	129.016675	300.510302
0.000 0.000 0.000
-234.746615	130.000245	300.115979
0.000 0.000 0.000
-233.994301	130.309240	299.339508
0.000 0.000 0.000
-234.896278	130.618996	299.154939
0.000 0.000 0.000
-235.301335	131.626311	299.174721
0.000 0.000 0.000
-236.169799	131.889628	299.438774
0.000 0.000 0.000
-235.588341	132.595226	299.470465
0.000 0.000 0.000
-234.975356	132.870173	298.775328
0.000 0.000 0.000
-234.259622	133.355520	298.494157
0.000 0.000 0.000
-234.064504	134.045924	299.211712
0.000 0.000 0.000
-234.474298	134.993649	298.956576
0.000 0.000 0.000
-233.547853	134.856984	299.287261
0.000 0.000 0.000
-232.646120	134.462048	299.306265
0.000 0.000 0.000
-231.853267	134.778386	299.640464
0.000 0.000 0.000
-231.167802	135.250553	299.224413
0.000 0.000 0.000
-231.579180	135.557587	298.348851
0.000 0.000 0.000
-232.500485	135.273966	297.961256
0.000 0.000 0.000
-233.517262	134.862341	297.679642
0.000 0.000 0.000
-233.013942	134.717114	296.979328
0.000 0.000 0.000
-232.763745	133.753522	296.975797
0.000 0.000 0.000
-231.857566	133.563184	297.146785
0.000 0.000 0.000
-231.645954	133.968027	296.245337
0.000 0.000 0.000
-232.161825	134.521369	295.758257
0.000 0.000 0.000
-232.489326	133.813054	295.136270
0.000 0.000 0.000
-233.073586	133.049095	294.623072
0.000 0.000 0.000
-232.307733	133.059096	294.048348
0.000 0.000 0.000
-232.119513	133.234926	293.059999
0.000 0.000 0.000
-232.454418	132.373206	292.642473
0.000 0.000 0.000
-232.316179	131.380608	292.784376
0.000 0.000 0.000
-232.174903	130.519404	292.706896
0.000 0.000 0.000
-232.944522	130.184410	292.999052
0.000 0.000 0.000
-233.584268	130.725707	292.535118
0.000 0.000 0.000
-233.820573	130.579540	291.588061
0.000 0.000 0.000
-233.314309	130.944254	290.885912
0.000 0.000 0.000
-232.344621	131.040902	290.766400
0.000 0.000 0.000
-232.773692	131.164732	289.814296
0.000 0.000 0.000
-232.130310	130.498623	289.622208
0.000 0.000 0.000
-231.391600	129.793458	288.985201
0.000 0.000 0.000
-230.908474	130.528819	289.307345
0.000 0.000 0.000
-230.627639	130.011098	288.492617
0.000 0.000 0.000
-230.094025	130.750536	287.933763
0.000 0.000 0.000
-229.397640	130.706559	288.611057
0.000 0.000 0.000
-228.956694	130.588669	289.512256
0.000 0.000 0.000
-228.375107	130.609945	290.292495
0.000 0.000 0.000
-228.068112	131.027652	291.106572
0.000 0.000 0.000
-227.943264	131.993023	290.933773
0.000 0.000 0.000
-227.189005	132.601744	290.825632
0.000 0.000 0.000
-226.953587	133.589113	291.219932
0.000 0.000 0.000
-226.072259	134.033558	291.120401
0.000 0.000 0.000
-226.062430	135.071286	291.296140
0.000 0.000 0.000
-225.830356	135.931130	291.172429
0.000 0.000 0.000
-225.466063	136.497764	290.479260
0.000 0.000 0.000
-226.536864	136.116659	290.402961
0.000 0.000 0.000
-226.771691	135.970906	289.548003
0.000 0.000 0.000
-226.703387	137.123300	289.459779
0.000 0.000 0.000
-226.865396	137.243592	290.501913
0.000 0.000 0.000
-226.767375	137.834302	291.147710
0.000 0.000 0.000
-227.246307	137.205546	291.768237
0.000 0.000 0.000
-227.857893	137.021856	292.470797
0.000 0.000 0.000
-228.177480	137.675619	293.257461
0.000 0.000 0.000
-227.619828	138.064315	292.533162
0.000 0.000 0.000
-227.047762	138.421690	293.196526
0.000 0.000 0.000
-226.454033	138.171835	293.865541
0.000 0.000 0.000
-225.502427	138.234426	293.597267
0.000 0.000 0.000
-224.669175	138.567889	293.426788
0.000 0.000 0.000
-225.123821	139.336904	292.734990
0.000 0.000 0.000
-225.547547	138.376785	292.410132
0.000 0.000 0.000
-224.820152	138.009181	292.114202
0.000 0.000 0.000
-224.248000	137.355250	291.655359
0.000 0.000 0.000
-223.354630	137.498035	291.605791
0.000 0.000 0.000
-222.784932	136.769895	291.871946
0.000 0.000 0.000
-222.600514	135.734912	291.978619
0.000 0.000 0.000
-223.220576	135.297757	291.152794
0.000 0.000 0.000
-224.220879	135.594326	291.319811
0.000 0.000 0.000
-224.319288	134.646540	291.665226
0.000 0.000 0.000
-223.575996	134.938622	292.107384
0.000 0.000 0.000
-222.907573	134.101018	292.297991
0.000 0.000 0.000
-223.318051	133.961537	293.209898
0.000 0.000 0.000
-222.841331	133.120391	292.862366
0.000 0.000 0.000
-222.811927	132.730216	292.112831
0.000 0.000 0.000
-223.627049	132.761678	291.417919
0.000 0.000 0.000
-223.466005	132.113352	290.678946
0.000 0.000 0.000
-223.528140	131.929623	289.728045
0.000 0.000 0.000
-222.495826	131.657702	289.675885
0.000 0.000 0.000
-222.002153	130.834345	289.960582
0.000 0.000 0.000
-221.027917	130.653822	289.888178
0.000 0.000 0.000
-221.172340	129.867484	289.569948
0.000 0.000 0.000
-221.729043	130.331467	288.844669
0.000 0.000 0.000
-221.914624	130.689387	287.791443
0.000 0.000 0.000
-222.685077	131.246529	287.478546
0.000 0.000 0.000
-223.463524	130.785346	288.151556
0.000 0.000 0.000
-222.704895	130.209782	287.738463
0.000 0.000 0.000
-223.499583	130.580051	287.183588
0.000 0.000 0.000
-223.525460	129.522477	287.245682
0.000 0.000 0.000
-224.044800	128.739837	287.574212
0.000 0.000 0.000
-224.289394	127.971013	287.941597
0.000 0.000 0.000
-223.685531	127.326215	287.758096
0.000 0.000 0.000
-223.395444	126.504515	287.362719
0.000 0.000 0.000
-223.734296	125.527224	287.574587
0.000 0.000 0.000
-224.436603	125.997854	287.367231
0.000 0.000 0.000
-224.208624	125.172476	286.868653
0.000 0.000 0.000
-224.104578	124.478052	287.459304
0.000 0.000 0.000
-223.149855	124.239826	287.100956
0.000 0.000 0.000
-222.314991	124.521688	287.665742
0.000 0.000 0.000
-221.869555	125.219696	287.082595
0.000 0.000 0.000
-221.405293	125.358142	287.971280
0.000 0.000 0.000
-221.653315	125.247906	288.879294
0.000 0.000 0.000
-220.990052	124.520182	288.684059
0.000 0.000 0.000
-220.068489	124.061188	288.927490
0.000 0.000 0.000
-220.113804	124.284260	289.957823
0.000 0.000 0.000
-219.756430	123.409712	290.025814
0.000 0.000 0.000
-220.012238	122.826363	289.191560
0.000 0.000 0.000
-220.779882	122.200791	289.618799
0.000 0.000 0.000
-220.497602	121.417762	289.070232
0.000 0.000 0.000
-219.692418	121.832598	289.389384
0.000 0.000 0.000
-218.607219	121.236045	289.658477
0.000 0.000 0.000
-218.905086	120.413160	290.071296
0.000 0.000 0.000
-219.899067	120.470697	290.044497
0.000 0.000 0.000
-220.375001	120.146551	290.778159
0.000 0.000 0.000
-221.205680	120.079865	290.218306
0.000 0.000 0.000
-221.442213	120.956104	290.851311
0.000 0.000 0.000
-222.448523	121.260607	290.318958
0.000 0.000 0.000
-222.655147	120.345792	289.843110
0.000 0.000 0.000
-223.514188	120.883811	290.196656
0.000 0.000 0.000
-223.990386	121.788144	289.987896
0.000 0.000 0.000
-223.891998	121.142669	289.245278
0.000 0.000 0.000
-223.036557	120.704214	288.483058
0.000 0.000 0.000
-223.761432	120.094160	287.948633
0.000 0.000 0.000
-223.312100	119.096361	288.058252
0.000 0.000 0.000
-222.875826	118.745926	287.377385
0.000 0.000 0.000
-223.084177	118.038541	287.902490
0.000 0.000 0.000
-223.976672	118.149074	287.913372
0.000 0.000 0.000
-224.751051	118.464251	288.521349
0.000 0.000 0.000
-225.288300	118.009516	289.387793
0.000 0.000 0.000
-225.543649	117.113537	289.604478
0.000 0.000 0.000
-224.847567	116.591492	290.346141
0.000 0.000 0.000
-224.768904	117.379346	290.912947
0.000 0.000 0.000
-224.803115	116.539916	291.412139
0.000 0.000 0.000
-224.047016	116.131622	291.668511
0.000 0.000 0.000
-223.051778	115.699055	291.529341
0.000 0.000 0.000
-222.201250	115.500444	291.498575
0.000 0.000 0.000
-221.341681	115.069656	291.570405
0.000 0.000 0.000
-221.969254	114.334449	291.541770
0.000 0.000 0.000
-222.814823	113.991494	291.913856
0.000 0.000 0.000
-223.451842	113.313770	292.247779
0.000 0.000 0.000
-223.330547	113.408815	291.294333
0.000 0.000 0.000
-224.214854	112.870108	291.498407
0.000 0.000 0.000
-225.182364	113.159093	290.960043
0.000 0.000 0.000
-226.089375	112.903629	291.036152
0.000 0.000 0.000
-226.501992	113.499650	291.745988
0.000 0.000 0.000
-227.210548	113.882776	291.295070
0.000 0.000 0.000
-228.081324	113.718560	291.506340
0.000 0.000 0.000
-228.888235	113.318601	291.499492
0.000 0.000 0.000
-229.840156	113.366684	291.496441
0.000 0.000 0.000
-230.881881	113.191692	291.331224
0.000 0.000 0.000
-230.212530	112.568886	292.113957
0.000 0.000 0.000
-231.113491	112.693311	292.467854
0.000 0.000 0.000
-231.698689	111.906480	292.491879
0.000 0.000 0.000
-232.477232	112.368293	292.592849
0.000 0.000 0.000
-232.411144	112.159941	291.643666
0.000 0.000 0.000
-232.024754	112.543585	290.674661
0.000 0.000 0.000
-232.142997	113.456946	290.778321
0.000 0.000 0.000
-232.834542	113.947350	291.415096
0.000 0.000 0.000
-232.199817	114.039887	292.064250
0.000 0.000 0.000
-233.029014	113.891492	292.892596
0.000 0.000 0.000
-233.124189	113.172352	292.143554
0.000 0.000 0.000
-233.585990	112.385295	292.435480
0.000 0.000 0.000
-233.429387	112.999803	293.051148
0.000 0.000 0.000
-233.892900	113.660092	293.708432
0.000 0.000 0.000
-234.223766	114.180940	294.352153
0.000 0.000 0.000
-234.246777	113.518274	295.062807
0.000 0.000 0.000
-233.419413	113.474153	294.579927
0.000 0.000 0.000
-232.939227	113.490083	295.363168
0.000 0.000 0.000
-233.095151	112.950874	296.138847
0.000 0.000 0.000
-232.760082	112.663445	297.025991
0.000 0.000 0.000
-232.016717	112.280330	297.723466
0.000 0.000 0.000
-231.558293	112.780188	298.447482
0.000 0.000 0.000
-231.047585	112.744216	299.179402
0.000 0.000 0.000
-230.734784	112.147983	299.837238
0.000 0.000 0.000
-231.097453	111.303300	299.892043
0.000 0.000 0.000
-230.146986	111.355354	300.101653
0.000 0.000 0.000
-229.983448	111.648633	299.144904
0.000 0.000 0.000
-229.690249	112.203609	298.212281
0.000 0.000 0.000
-230.044455	112.124417	297.391766
0.000 0.000 0.000
-230.732738	112.632331	296.968136
0.000 0.000 0.000
-230.244546	113.332644	297.496586
0.000 0.000 0.000
-229.208397	113.511979	297.843582
0.000 0.000 0.000
-229.296476	114.145610	298.573396
0.000 0.000 0.000
-230.029315	114.567826	298.909120
0.000 0.000 0.000
-230.859496	115.188359	299.048735
0.000 0.000 0.000
-231.468084	115.089835	298.411802
0.000 0.000 0.000
-230.814756	115.731209	298.316699
0.000 0.000 0.000
-230.954723	115.499291	297.374541
0.000 0.000 0.000
-230.644004	116.199652	296.932615
0.000 0.000 0.000
-230.209160	116.372483	296.082651
0.000 0.000 0.000
-230.164022	117.215925	295.893794
0.000 0.000 0.000
-229.416756	117.619484	295.557775
0.000 0.000 0.000
-229.476288	118.103884	296.465801
0.000 0.000 0.000
-230.247089	118.074717	297.105886
0.000 0.000 0.000
-231.168862	117.741839	296.692488
0.000 0.000 0.000
-232.083847	117.433370	296.465426
0.000 0.000 0.000
-232.234654	118.331412	296.334748
0.000 0.000 0.000
-233.080055	118.417744	295.853352
0.000 0.000 0.000
-233.386781	119.270702	296.158536
0.000 0.000 0.000
-232.737067	119.804869	295.587575
0.000 0.000 0.000
-232.739217	120.333191	294.719216
0.000 0.000 0.000
-233.281577	119.503745	294.645908
0.000 0.000 0.000
-233.859320	120.265704	294.261138
0.000 0.000 0.000
-234.873090	119.862391	294.119146
0.000 0.000 0.000
-234.526413	120.396560	293.382118
0.000 0.000 0.000
-235.065749	120.821119	292.814927
0.000 0.000 0.000
-234.848280	121.341508	291.924097
0.000 0.000 0.000
-235.525688	121.841666	292.478042
0.000 0.000 0.000
-235.619663	122.743831	292.144023
0.000 0.000 0.000
-235.598902	122.691643	291.243597
0.000 0.000 0.000
-235.554772	121.750113	291.579879
0.000 0.000 0.000
-236.203326	121.132826	291.258710
0.000 0.000 0.000
-236.782760	120.874518	290.191338
0.000 0.000 0.000
-236.796194	120.040074	290.553168
0.000 0.000 0.000
-237.823437	119.722566	290.941928
0.000 0.000 0.000
-238.142791	118.924403	290.528735
0.000 0.000 0.000
-237.334233	119.395468	290.068194
0.000 0.000 0.000
-237.477008	120.252333	289.505364
0.000 0.000 0.000
-238.439779	120.399688	289.073971
0.000 0.000 0.000
-239.154865	121.052336	289.128861
0.000 0.000 0.000
-240.050973	121.340373	288.677426
0.000 0.000 0.000
-239.268621	121.483816	288.057692
0.000 0.000 0.000
-238.323936	120.921997	287.712750
0.000 0.000 0.000
-238.423873	119.985638	287.142254
0.000 0.000 0.000
-239.057773	119.307538	287.204887
0.000 0.000 0.000
-239.917543	119.745399	287.657231
0.000 0.000 0.000
-239.232517	119.561630	288.332692
0.000 0.000 0.000
-240.179912	119.845616	288.892047
0.000 0.000 0.000
-239.732041	120.068722	289.747815
0.000 0.000 0.000
-240.097778	120.046052	290.802252
0.000 0.000 0.000
-240.518538	119.209864	290.731645
0.000 0.000 0.000
-240.831433	119.667382	291.698454
0.000 0.000 0.000
-240.585746	120.428361	292.203619
0.000 0.000 0.000
-240.686352	119.510083	292.881516
0.000 0.000 0.000
-240.179524	118.664516	293.145621
0.000 0.000 0.000
-241.241388	118.670314	292.982494
0.000 0.000 0.000
-241.886450	118.300214	292.456378
0.000 0.000 0.000
-241.092276	118.099444	291.975710
0.000 0.000 0.000
-241.494633	117.277182	292.118608
0.000 0.000 0.000
-241.563787	116.248730	291.990326
0.000 0.000 0.000
-241.750561	115.469647	292.476213
0.000 0.000 0.000
-241.981572	115.209806	293.291978
0.000 0.000 0.000
-242.403887	115.932434	293.207815
0.000 0.000 0.000
-242.738153	115.241261	292.737319
0.000 0.000 0.000
-242.630594	114.134104	292.896091
0.000 0.000 0.000
-243.528792	114.404001	292.414662
0.000 0.000 0.000
-243.479684	113.890348	291.404474
0.000 0.000 0.000
-243.490816	113.588519	290.563673
0.000 0.000 0.000
-242.857277	114.427167	290.513966
0.000 0.000 0.000
-242.438728	114.852184	289.844663
0.000 0.000 0.000
-242.565157	114.011222	289.666007
0.000 0.000 0.000
-241.734196	113.311917	289.798139
0.000 0.000 0.000
-240.880187	113.668207	290.018010
0.000 0.000 0.000
-239.962291	113.921159	289.479477
0.000 0.000 0.000
-239.637430	114.151998	288.610486
0.000 0.000 0.000
-239.603144	114.209600	287.491258
0.000 0.000 0.000
-239.698114	115.045339	287.020276
0.000 0.000 0.000
-240.010609	114.287200	286.208578
0.000 0.000 0.000
-240.182986	113.804606	285.408863
0.000 0.000 0.000
-239.875139	114.872718	285.353569
0.000 0.000 0.000
-239.422214	115.771027	285.126415
0.000 0.000 0.000
-240.449839	116.049364	284.985513
0.000 0.000 0.000
-240.325423	116.018760	285.911657
0.000 0.000 0.000
-240.682919	116.803135	286.208737
0.000 0.000 0.000
-240.448136	116.584038	287.084609
0.000 0.000 0.000
-241.514936	116.620706	287.390266
0.000 0.000 0.000
-241.335590	116.107386	286.608930
0.000 0.000 0.000
-241.038217	115.147320	286.496781
0.000 0.000 0.000
-241.111826	114.311865	286.266769
0.000 0.000 0.000
-241.483821	113.752321	285.635915
0.000 0.000 0.000
-241.854815	114.548913	285.255394
0.000 0.000 0.000
-241.442944	115.354561	285.558858
0.000 0.000 0.000
-241.376842	115.236015	284.592287
0.000 0.000 0.000
-242.071810	115.382006	283.763209
0.000 0.000 0.000
-242.443262	114.498129	283.858484
0.000 0.000 0.000
-243.330086	113.890117	284.188306
0.000 0.000 0.000
-244.099090	113.389826	283.807862
0.000 0.000 0.000
-244.286697	114.414303	283.648889
0.000 0.000 0.000

