301 7100.7 565.88 1073.84 20531
302 7100.7 565.88 1073.84 20531
303 696.795 381.675 1073.96 20531
304 3824.05 449.801 1085.81 20531
305 3867.14 513.747 1100.46 20531
306 2579.74 664.185 1094.23 20531
307 2143.87 511.503 1087.53 20531
308 1337.23 495.29 1086.23 20531
309 1552.74 495.826 1086.67 20531
310 7016.5 873.444 1086.19 20531
311 683.763 619.074 1084.04 20531
312 6154.35 963.109 1084.2 20531
313 4540.18 618.336 1085.33 20531
314 1242.98 435.19 1084.76 20531
315 6571.87 724.353 1082.19 20531
316 4523.95 899.992 1080.82 20531
317 5142.15 708.379 1079.6 20531
318 10829.9 1061.38 1092.53 20531
319 5458.61 708.78 1091.16 20531
320 1615.3 672.936 1090.43 20531
321 3440.49 474.785 1098.91 20531
322 3424.5 407.517 1100.59 20531
323 1512.59 744.826 1100.54 20531
324 11397.9 1283.68 1102.1 20531
325 8030.75 1035.48 1114.32 20531
326 6333.15 914 1114.5 20531
327 4276.55 540.95 1113.91 20531
328 490.791 471.023 1117.06 20531
329 430.236 452.124 1117.14 20531
330 471.153 397.507 1100.32 20531
331 460.249 397.596 1098.96 20531
332 406.586 397.07 1098.95 20531
333 406.586 397.07 1098.95 20531
334 1540.18 434.147 1098.35 20531
335 1595.97 433.592 1095.38 20531
336 793.266 431.374 1096.87 20531
337 301.017 456.388 1098.72 20531
338 301.017 456.388 1098.72 20531
339 1080.85 480.625 1093.56 20531
340 1080.85 480.625 1093.56 20531
341 973.683 477.595 1095.69 20531
342 751.096 516.452 1103.12 20531
343 834.709 517.437 1104.98 20531
344 1296.18 488.544 1105.12 20531
345 2909.55 431.168 1101.69 20531
346 2909.55 431.168 1101.69 20531
347 2218.82 566.705 1101.66 20531
348 4927.65 832.185 1118.1 20531
349 3451.99 536.997 1116.01 20531
350 3513.06 546.643 1116.78 20531
351 1756.24 857.075 1119.77 20531
352 2901.01 848.26 1122.78 20531
353 3359.18 1072.67 1119.14 20531
354 1994.69 672.862 1124.49 20531
355 1583.9 528.837 1118.67 20531
356 4145.42 1049.15 1109.55 20531
357 8723.08 1132.81 1109.87 20531
358 8969.23 1109.55 1109.82 20531
359 3529.49 558.492 1109.88 20531
360 1867.08 641.53 1108.02 20531
361 2965.17 445.823 1105.75 20531
362 4053.91 469.193 1104.85 20531
363 5212.33 517.83 1105.69 20531
364 2625.92 400.582 1105.77 20531
365 3280.81 586.524 1112.58 20531
366 4384.95 598.134 1110.71 20531
367 6396.11 930.134 1112.22 20531
368 5134.59 876.695 1112.63 20531
369 3622.03 603.235 1114 20531
370 5023.86 616.369 1113.38 20531
371 5832.11 634.506 1111.93 20531
372 3249.65 481.617 1118.55 20531
373 536.499 336.142 1115.52 20531
374 2408.39 478.893 1121.14 20531
375 1499.03 297.778 1119.49 20531
376 843.456 435.89 1116.2 20531
377 3296.69 451.923 1120.8 20531
378 5673.52 470.096 1125.21 20531
379 5458.24 487.1 1122.07 20531
380 3604.01 407.717 1121.43 20531
381 1319.04 566.178 1119.65 20531
382 2639.58 737.931 1122.05 20531
383 657.066 469.576 1121.44 20531
384 4665.94 601.021 1119.56 20531
385 3190.27 385.424 1133.23 20531
386 3652.29 687.147 1136.36 20531
387 6793.04 800.662 1133.33 20531
388 7934.8 809.095 1133.97 20531
389 1903.92 503.588 1135.41 20531
390 236.575 280.25 1134.09 20531
391 622.103 270.413 1130.7 20531
392 1297.33 306.463 1128.06 20531
393 5698.12 746.069 1130.92 20531
394 7172.33 887.05 1133.49 20531
395 5151.14 860.535 1133.15 20531
396 2592.77 592.967 1127.6 20531
397 7444.17 1001.85 1130.76 20531
398 9373.62 1257.14 1129.47 20531
399 10484.4 1120.38 1137.43 20531
400 9312.8 1060.69 1138.18 20531
