301 3920.1 359.659 1073.3 20531
302 3910.83 366.868 1074.1 20531
303 3970.63 360.617 1074.45 20531
304 4141.04 363.314 1074.01 20531
305 3895.89 361.903 1073.43 20531
306 3681.47 362.906 1071.17 20531
307 3944.23 369.246 1077.68 20531
308 3730.47 371.997 1076.23 20531
309 3704.68 373.377 1075.99 20531
310 3415.33 368.914 1075.55 20531
311 3795.42 371.865 1072.7 20531
312 3581.31 370.403 1073.49 20531
313 3486.76 365.279 1074.18 20531
314 3781.16 361.63 1071.45 20531
315 3372.08 365.908 1066.91 20531
316 3316.63 364.807 1068.58 20531
317 3272.75 361.281 1072.47 20531
318 3433.49 355.417 1071.73 20531
319 3322.19 357.646 1073.95 20531
320 3557.92 363.526 1079.87 20531
321 3700.7 364.903 1081.01 20531
322 3493.63 360.003 1081.18 20531
323 3771.73 362.311 1073.15 20531
324 3605.74 362.221 1070.25 20531
325 3565.03 363.399 1071.36 20531
326 3587.93 359.811 1070.3 20531
327 3599.27 357.575 1065.35 20531
328 3855.76 357.828 1067.46 20531
329 3760.52 356.44 1064.73 20531
330 3932.89 361.737 1069.85 20531
331 3933.03 363.197 1070.28 20531
332 3713.73 364.32 1070.94 20531
333 3517.47 362.858 1072.4 20531
334 3343.43 358.226 1072.48 20531
335 3366.48 361.203 1071.51 20531
336 3321.67 359.657 1069.82 20531
337 3473.04 359.678 1070.68 20531
338 3637.51 361.219 1073.16 20531
339 3760.57 360.032 1079.11 20531
340 3776.23 361.364 1077.43 20531
341 3581.14 359.969 1077.65 20531
342 3529.65 361.351 1077.56 20531
343 3347.99 357.256 1076.01 20531
344 3444.39 357.392 1077.37 20531
345 3462.2 357.327 1075.31 20531
346 3380.55 352.844 1078.02 20531
347 3458.82 353.911 1077.33 20531
348 3097.56 349.905 1077.7 20531
349 3225.82 352.5 1077.74 20531
350 3054.12 352.288 1075.76 20531
351 3253 353.388 1078.17 20531
352 3316.86 355.476 1078.15 20531
353 3422.65 352.564 1078.73 20531
354 3402.52 349.985 1079.79 20531
355 3338.54 349.01 1080.58 20531
356 3292.77 346.094 1080.1 20531
357 3089.19 344.04 1078.73 20531
358 3262.46 346.09 1081.09 20531
359 3151.1 343.932 1078.62 20531
360 3352.74 346.107 1080.59 20531
361 3088.26 344.016 1077.62 20531
362 2841.49 341.944 1074.89 20531
363 3187.89 344.182 1082.7 20531
364 3069.03 342.106 1078.62 20531
365 3011.76 343.951 1080.09 20531
366 2957.4 343.09 1080.53 20531
367 2874.96 341.303 1078.23 20531
368 2917.73 341.316 1078.64 20531
369 3158.07 340.724 1079.59 20531
370 3065.51 343.967 1080.54 20531
371 3032.83 342.803 1081.8 20531
372 3156.65 344.089 1081.81 20531
373 3101.65 345.216 1082.85 20531
374 2910.34 340.35 1079.82 20531
375 3049.8 335.725 1075.92 20531
376 2976.24 333.599 1075.2 20531
377 3083.44 334.608 1074.95 20531
378 2917.15 336.605 1079.13 20531
379 2750.82 339.437 1081.65 20531
380 2752.42 338.511 1083.11 20531
381 2830.25 339.513 1081.71 20531
382 2855.3 338.603 1082.19 20531
383 2828.35 335.84 1079.54 20531
384 2846.07 329.731 1077.04 20531
385 2909.91 328.93 1076.27 20531
386 2957.07 330.003 1076.36 20531
387 3053.68 331.13 1073.82 20531
388 2986.55 333.627 1076.11 20531
389 2925.76 333.593 1076.28 20531
390 2934.97 332.342 1074.07 20531
391 2990.09 333.628 1075.04 20531
392 3409.44 337.7 1079.41 20531
393 2832.83 335.879 1078.56 20531
394 2973.47 332.689 1077.04 20531
395 3038.77 333.895 1078.15 20531
396 2990.03 333.68 1074.78 20531
397 2883.07 333.705 1074.75 20531
398 3247.52 335.994 1074.05 20531
399 3057.27 332.781 1076.17 20531
400 2979.67 334.814 1080.66 20531
