T=4.98
CPA=100
CPB=-8.52651e-14
EW=0
FW=0
J=0
LS=2245 2245 2245
t=400

1 1000
0 0

1000
63.358322	210.204179	56.470904
0.000 0.000 0.000
62.894358	210.916296	56.033190
0.000 0.000 0.000
63.953568	210.684350	55.747816
0.000 0.000 0.000
63.681752	210.749416	54.825218
0.000 0.000 0.000
63.147239	210.458837	53.844839
0.000 0.000 0.000
62.582924	210.773299	53.148552
0.000 0.000 0.000
62.468157	210.103754	52.266946
0.000 0.000 0.000
61.887520	210.752758	51.714359
0.000 0.000 0.000
60.974028	210.376634	51.293170
0.000 0.000 0.000
60.691694	211.212545	51.602526
0.000 0.000 0.000
60.550616	212.066696	51.316473
0.000 0.000 0.000
60.152699	212.253883	50.493732
0.000 0.000 0.000
59.522209	212.354302	49.585309
0.000 0.000 0.000
60.402912	212.662541	49.396892
0.000 0.000 0.000
59.751558	213.200810	49.952535
0.000 0.000 0.000
60.009238	214.000611	49.728420
0.000 0.000 0.000
60.790732	213.523934	49.835631
0.000 0.000 0.000
60.559999	213.614823	50.760559
0.000 0.000 0.000
60.586165	214.020002	51.624237
0.000 0.000 0.000
60.799239	213.831269	52.557864
0.000 0.000 0.000
59.998369	213.162880	52.879623
0.000 0.000 0.000
59.963422	212.468584	52.212523
0.000 0.000 0.000
59.295633	211.571958	52.089893
0.000 0.000 0.000
59.460483	210.825070	51.456348
0.000 0.000 0.000
58.497572	210.723137	51.871596
0.000 0.000 0.000
57.799164	210.324683	51.246308
0.000 0.000 0.000
56.974321	210.239801	50.754765
0.000 0.000 0.000
57.778433	210.259050	50.263376
0.000 0.000 0.000
58.517150	209.538915	50.324221
0.000 0.000 0.000
58.795320	210.345636	50.684339
0.000 0.000 0.000
59.406206	210.334742	49.856980
0.000 0.000 0.000
58.418653	210.688544	49.807546
0.000 0.000 0.000
58.673263	211.142390	49.018985
0.000 0.000 0.000
58.666365	210.695352	48.195522
0.000 0.000 0.000
59.932893	210.997185	48.513910
0.000 0.000 0.000
60.220966	210.735826	47.648224
0.000 0.000 0.000
61.018286	210.360126	47.729881
0.000 0.000 0.000
62.016437	210.709679	47.942878
0.000 0.000 0.000
62.972188	210.814361	47.768436
0.000 0.000 0.000
63.913738	210.801601	47.913554
0.000 0.000 0.000
64.066359	211.299608	49.000861
0.000 0.000 0.000
63.146957	210.865117	49.512418
0.000 0.000 0.000
63.913250	210.319300	49.510405
0.000 0.000 0.000
63.200544	209.750200	49.536926
0.000 0.000 0.000
63.622553	208.916765	49.286380
0.000 0.000 0.000
64.343943	208.470299	48.706321
0.000 0.000 0.000
63.598744	208.001686	48.918793
0.000 0.000 0.000
62.981522	207.915430	49.771754
0.000 0.000 0.000
63.796685	208.100245	50.331455
0.000 0.000 0.000
63.970791	207.168605	50.085229
0.000 0.000 0.000
64.921766	207.425689	50.281644
0.000 0.000 0.000
64.972390	206.653469	50.912188
0.000 0.000 0.000
64.673702	207.268399	51.548254
0.000 0.000 0.000
65.100572	206.474671	52.025740
0.000 0.000 0.000
65.341836	206.822885	53.023318
0.000 0.000 0.000
64.437350	207.197297	52.961304
0.000 0.000 0.000
64.793437	207.572620	53.843091
0.000 0.000 0.000
64.999046	208.213197	53.115609
0.000 0.000 0.000
65.477315	208.121934	52.364762
0.000 0.000 0.000
65.209128	208.632769	51.602948
0.000 0.000 0.000
65.863173	208.386028	51.013145
0.000 0.000 0.000
66.215945	209.370210	50.968987
0.000 0.000 0.000
66.939807	209.083584	51.548519
0.000 0.000 0.000
67.502174	208.516823	50.828835
0.000 0.000 0.000
67.358690	208.876328	49.846660
0.000 0.000 0.000
68.100835	209.354961	49.929260
0.000 0.000 0.000
69.097189	209.402615	49.755713
0.000 0.000 0.000
69.935614	209.690319	49.834253
0.000 0.000 0.000
70.805269	209.672877	50.182803
0.000 0.000 0.000
70.904735	208.789413	49.728153
0.000 0.000 0.000
71.557567	208.081079	50.142810
0.000 0.000 0.000
70.565679	207.894811	50.007804
0.000 0.000 0.000
69.792692	207.446560	50.196052
0.000 0.000 0.000
69.333837	208.044548	49.613393
0.000 0.000 0.000
69.965692	207.906500	48.647647
0.000 0.000 0.000
69.769368	208.207720	47.661402
0.000 0.000 0.000
70.223975	209.095700	47.612990
0.000 0.000 0.000
70.963987	209.856405	48.066567
0.000 0.000 0.000
71.940562	209.599634	47.821593
0.000 0.000 0.000
71.792414	209.471388	48.720075
0.000 0.000 0.000
71.771684	209.249878	49.669449
0.000 0.000 0.000
71.401037	208.939114	50.527167
0.000 0.000 0.000
71.268160	209.718049	51.060940
0.000 0.000 0.000
70.938911	210.602335	51.173349
0.000 0.000 0.000
71.747779	210.391859	51.740830
0.000 0.000 0.000
72.655827	210.123368	51.058662
0.000 0.000 0.000
73.287659	209.477027	51.096773
0.000 0.000 0.000
73.079736	209.680198	50.137674
0.000 0.000 0.000
74.054432	209.835436	50.541865
0.000 0.000 0.000
74.556228	210.779921	50.518745
0.000 0.000 0.000
74.278674	211.380438	51.151392
0.000 0.000 0.000
73.592729	211.105491	51.745336
0.000 0.000 0.000
73.995290	211.915086	52.091809
0.000 0.000 0.000
73.341337	211.963536	52.812155
0.000 0.000 0.000
72.982285	211.970396	53.654433
0.000 0.000 0.000
71.987115	212.278762	53.780822
0.000 0.000 0.000
72.445741	212.764388	52.938777
0.000 0.000 0.000
72.232556	212.636956	52.058851
0.000 0.000 0.000
72.171171	212.889990	51.168660
0.000 0.000 0.000
71.347952	212.932249	51.526073
0.000 0.000 0.000
71.317589	213.210335	50.660011
0.000 0.000 0.000
70.761173	213.078925	49.772817
0.000 0.000 0.000
69.873476	212.912621	50.106349
0.000 0.000 0.000
70.114000	212.183076	49.355926
0.000 0.000 0.000
70.523670	212.225744	48.545394
0.000 0.000 0.000
70.833650	211.419708	47.951074
0.000 0.000 0.000
71.147747	212.041242	47.281346
0.000 0.000 0.000
70.490894	211.580519	46.746726
0.000 0.000 0.000
71.052649	211.207543	45.974002
0.000 0.000 0.000
72.104258	210.794802	45.933573
0.000 0.000 0.000
71.509817	210.230335	45.535348
0.000 0.000 0.000
71.483713	210.530033	44.633867
0.000 0.000 0.000
71.949833	211.234362	44.233782
0.000 0.000 0.000
72.570907	211.772761	44.761665
0.000 0.000 0.000
72.168163	212.599708	45.135103
0.000 0.000 0.000
71.759970	212.083170	45.795062
0.000 0.000 0.000
71.766900	212.619277	46.692096
0.000 0.000 0.000
70.795355	212.569409	46.421121
0.000 0.000 0.000
69.975229	212.333466	46.867204
0.000 0.000 0.000
69.101922	212.240082	46.705242
0.000 0.000 0.000
69.100172	211.837890	47.524175
0.000 0.000 0.000
69.425011	212.717449	47.575289
0.000 0.000 0.000
69.118227	213.671091	47.390582
0.000 0.000 0.000
69.195498	214.107204	48.171483
0.000 0.000 0.000
69.072344	214.866625	47.724792
0.000 0.000 0.000
68.573789	215.249535	48.412486
0.000 0.000 0.000
68.014367	214.824191	48.979994
0.000 0.000 0.000
68.548602	214.138467	49.068539
0.000 0.000 0.000
68.435303	213.244376	49.563862
0.000 0.000 0.000
68.156989	213.192141	50.456449
0.000 0.000 0.000
68.047919	212.331391	50.677078
0.000 0.000 0.000
67.410399	211.884610	50.157869
0.000 0.000 0.000
67.452816	211.312422	49.248846
0.000 0.000 0.000
67.487145	211.503200	48.325911
0.000 0.000 0.000
66.481221	211.636683	48.104307
0.000 0.000 0.000
65.909158	210.777617	47.838124
0.000 0.000 0.000
66.686615	210.190568	48.046236
0.000 0.000 0.000
66.571286	209.260999	47.621741
0.000 0.000 0.000
66.039982	209.251998	46.824605
0.000 0.000 0.000
66.384300	209.482709	45.905609
0.000 0.000 0.000
66.312864	209.486055	44.967944
0.000 0.000 0.000
65.496466	209.019283	44.481320
0.000 0.000 0.000
65.563419	208.005306	44.155858
0.000 0.000 0.000
65.382021	207.482872	43.186372
0.000 0.000 0.000
64.793974	206.561643	43.029356
0.000 0.000 0.000
65.245550	206.595640	42.133049
0.000 0.000 0.000
65.104970	206.560267	41.166430
0.000 0.000 0.000
64.162107	206.678511	41.570216
0.000 0.000 0.000
64.558533	205.914156	41.922608
0.000 0.000 0.000
64.571883	204.933588	42.363359
0.000 0.000 0.000
64.121789	204.230344	41.795649
0.000 0.000 0.000
63.485545	204.885445	41.614035
0.000 0.000 0.000
62.829081	204.857729	40.868905
0.000 0.000 0.000
62.038532	204.787298	40.415980
0.000 0.000 0.000
61.367035	204.621267	39.835810
0.000 0.000 0.000
61.265940	204.317607	38.830447
0.000 0.000 0.000
61.122152	203.309478	39.299617
0.000 0.000 0.000
62.076565	203.532145	39.541598
0.000 0.000 0.000
62.627046	203.250770	38.775946
0.000 0.000 0.000
62.118280	203.137612	37.948691
0.000 0.000 0.000
62.657842	203.669765	37.226660
0.000 0.000 0.000
62.356495	203.151639	36.541775
0.000 0.000 0.000
62.192720	203.088637	35.483313
0.000 0.000 0.000
62.513575	202.181552	36.012929
0.000 0.000 0.000
62.594721	201.862409	35.136783
0.000 0.000 0.000
61.575177	202.033396	35.503578
0.000 0.000 0.000
61.921652	200.779810	35.505163
0.000 0.000 0.000
61.307851	200.121612	35.822218
0.000 0.000 0.000
60.936487	200.856387	35.101665
0.000 0.000 0.000
60.087750	201.246024	35.395572
0.000 0.000 0.000
59.563734	201.086262	34.498429
0.000 0.000 0.000
59.517441	200.049737	34.769944
0.000 0.000 0.000
60.048636	199.847834	34.092072
0.000 0.000 0.000
59.202042	199.373340	33.524822
0.000 0.000 0.000
59.188497	199.229450	32.547122
0.000 0.000 0.000
58.288268	198.772216	32.417682
0.000 0.000 0.000
58.219172	199.505147	31.925342
0.000 0.000 0.000
57.830933	199.131908	31.177511
0.000 0.000 0.000
58.468080	199.507007	30.402593
0.000 0.000 0.000
58.550192	200.080981	31.213742
0.000 0.000 0.000
59.305388	200.594452	30.819751
0.000 0.000 0.000
60.187111	200.844396	31.123535
0.000 0.000 0.000
59.933510	201.923154	31.451469
0.000 0.000 0.000
60.690421	202.416030	31.829490
0.000 0.000 0.000
60.190258	203.121131	31.681136
0.000 0.000 0.000
59.633967	203.500985	31.097066
0.000 0.000 0.000
60.153885	203.924736	30.325229
0.000 0.000 0.000
59.559859	203.765163	29.512754
0.000 0.000 0.000
58.966080	204.035699	30.298650
0.000 0.000 0.000
58.280139	204.386170	29.768587
0.000 0.000 0.000
58.373397	205.395275	30.349526
0.000 0.000 0.000
58.864309	206.159321	30.186947
0.000 0.000 0.000
59.179947	205.484406	30.919269
0.000 0.000 0.000
59.481243	205.626216	32.011374
0.000 0.000 0.000
58.817237	205.834770	32.885413
0.000 0.000 0.000
58.728807	204.975393	32.037296
0.000 0.000 0.000
58.036854	204.376281	31.583710
0.000 0.000 0.000
57.492545	204.758618	32.266165
0.000 0.000 0.000
57.145191	205.519801	32.055716
0.000 0.000 0.000
56.901308	205.362826	32.988927
0.000 0.000 0.000
56.659706	204.415381	32.838013
0.000 0.000 0.000
55.834928	204.417860	32.176214
0.000 0.000 0.000
56.588027	204.292335	31.696557
0.000 0.000 0.000
56.223163	204.615049	30.810949
0.000 0.000 0.000
56.268597	205.504695	31.503907
0.000 0.000 0.000
56.628267	206.271520	31.081740
0.000 0.000 0.000
56.686557	206.853243	32.171604
0.000 0.000 0.000
56.057947	207.646035	32.266209
0.000 0.000 0.000
56.745862	207.704284	31.578521
0.000 0.000 0.000
56.437755	207.216152	30.785784
0.000 0.000 0.000
55.521563	207.062037	30.473179
0.000 0.000 0.000
55.986046	207.742312	29.793342
0.000 0.000 0.000
55.335200	207.074938	28.983426
0.000 0.000 0.000
54.778898	207.990231	28.311355
0.000 0.000 0.000
54.274011	208.754262	27.819847
0.000 0.000 0.000
54.737992	208.168815	27.148430
0.000 0.000 0.000
53.906216	208.468180	26.713062
0.000 0.000 0.000
53.746208	207.429485	26.731636
0.000 0.000 0.000
52.987471	207.281681	26.307630
0.000 0.000 0.000
52.856305	206.709367	25.474063
0.000 0.000 0.000
53.910457	206.826133	25.675683
0.000 0.000 0.000
54.487664	206.648602	26.360208
0.000 0.000 0.000
55.138885	207.094011	26.035253
0.000 0.000 0.000
55.189681	207.025479	27.040125
0.000 0.000 0.000
54.371377	206.588851	27.488069
0.000 0.000 0.000
54.692893	205.540718	27.372628
0.000 0.000 0.000
54.155882	204.745032	27.096651
0.000 0.000 0.000
54.296974	205.185850	26.157048
0.000 0.000 0.000
54.081182	204.507560	25.563849
0.000 0.000 0.000
54.599527	205.019291	25.038369
0.000 0.000 0.000
54.886746	204.435779	24.427803
0.000 0.000 0.000
55.794626	204.278816	24.365661
0.000 0.000 0.000
55.603834	203.609055	25.387896
0.000 0.000 0.000
56.382194	203.467065	24.941214
0.000 0.000 0.000
56.833204	202.870032	25.553273
0.000 0.000 0.000
57.385724	202.284509	26.101769
0.000 0.000 0.000
57.242461	201.701513	25.208563
0.000 0.000 0.000
56.698243	200.982413	24.501729
0.000 0.000 0.000
56.251971	199.930803	24.566193
0.000 0.000 0.000
55.339232	200.209315	24.559893
0.000 0.000 0.000
54.689842	200.447210	23.850417
0.000 0.000 0.000
54.776057	199.699771	23.504358
0.000 0.000 0.000
54.325478	199.462870	24.300055
0.000 0.000 0.000
55.123303	199.073781	24.170402
0.000 0.000 0.000
55.911776	198.238859	23.915171
0.000 0.000 0.000
56.597505	197.894858	24.430880
0.000 0.000 0.000
56.795189	198.678819	24.076219
0.000 0.000 0.000
56.321813	199.457967	23.720859
0.000 0.000 0.000
56.085620	198.944579	22.788278
0.000 0.000 0.000
56.885883	198.698303	22.203200
0.000 0.000 0.000
57.563155	199.482183	22.169080
0.000 0.000 0.000
57.343119	200.647954	22.177470
0.000 0.000 0.000
58.180695	200.289547	21.887575
0.000 0.000 0.000
58.911811	200.373267	21.165900
0.000 0.000 0.000
58.490100	199.399019	21.207861
0.000 0.000 0.000
57.623415	199.236283	20.574041
0.000 0.000 0.000
57.068932	199.504418	21.342685
0.000 0.000 0.000
56.522577	199.367965	20.490632
0.000 0.000 0.000
56.555444	199.279885	19.554596
0.000 0.000 0.000
57.368746	199.755151	19.672636
0.000 0.000 0.000
57.391848	200.560662	20.198437
0.000 0.000 0.000
58.266910	200.922355	19.587878
0.000 0.000 0.000
58.673729	200.016255	20.116611
0.000 0.000 0.000
59.633717	199.799305	20.603373
0.000 0.000 0.000
59.450888	199.023836	21.129320
0.000 0.000 0.000
60.114065	199.550231	21.659844
0.000 0.000 0.000
60.537107	200.228322	22.289055
0.000 0.000 0.000
61.571565	200.182047	21.952583
0.000 0.000 0.000
62.074068	199.337587	21.993659
0.000 0.000 0.000
62.047353	198.336636	22.358575
0.000 0.000 0.000
62.307252	197.421946	22.587509
0.000 0.000 0.000
62.663694	197.607595	21.649954
0.000 0.000 0.000
62.692987	196.613425	21.206131
0.000 0.000 0.000
61.937890	196.857252	21.680608
0.000 0.000 0.000
61.187054	196.722194	22.172234
0.000 0.000 0.000
60.731175	196.833189	22.913268
0.000 0.000 0.000
60.819131	197.811988	23.049451
0.000 0.000 0.000
61.813528	197.995565	23.147741
0.000 0.000 0.000
62.010248	199.045157	23.128799
0.000 0.000 0.000
62.854259	199.379964	23.482051
0.000 0.000 0.000
63.404868	199.726931	22.622012
0.000 0.000 0.000
63.804775	199.100350	21.931706
0.000 0.000 0.000
64.469736	199.840718	22.335913
0.000 0.000 0.000
64.747097	200.151846	23.227831
0.000 0.000 0.000
64.539044	200.705485	24.092783
0.000 0.000 0.000
65.569992	200.989944	24.385913
0.000 0.000 0.000
65.883802	201.664453	24.851136
0.000 0.000 0.000
66.061311	201.346430	25.652692
0.000 0.000 0.000
65.652984	200.400183	25.415680
0.000 0.000 0.000
64.642131	200.634030	25.336111
0.000 0.000 0.000
64.814450	200.164652	26.403577
0.000 0.000 0.000
64.423359	200.883971	26.894850
0.000 0.000 0.000
63.918685	200.045237	26.827778
0.000 0.000 0.000
63.908960	199.163776	26.800369
0.000 0.000 0.000
62.993837	199.385776	26.757923
0.000 0.000 0.000
62.161295	199.514399	26.573142
0.000 0.000 0.000
61.601912	198.670038	27.099927
0.000 0.000 0.000
61.234679	198.851019	28.031278
0.000 0.000 0.000
61.476782	198.672268	29.059371
0.000 0.000 0.000
62.273474	198.061504	28.995309
0.000 0.000 0.000
61.720775	197.973918	29.812436
0.000 0.000 0.000
62.278014	197.254178	29.613989
0.000 0.000 0.000
62.934265	197.203444	30.406913
0.000 0.000 0.000
63.124651	196.730255	31.190424
0.000 0.000 0.000
63.244850	196.327611	32.002122
0.000 0.000 0.000
62.843194	197.446003	32.217096
0.000 0.000 0.000
62.083100	197.078393	31.767163
0.000 0.000 0.000
62.355135	196.712795	32.616592
0.000 0.000 0.000
62.217448	196.030165	33.449883
0.000 0.000 0.000
61.253285	195.794068	33.175096
0.000 0.000 0.000
61.341969	195.501609	34.161832
0.000 0.000 0.000
60.952899	195.970872	34.909496
0.000 0.000 0.000
61.559984	195.957772	35.737470
0.000 0.000 0.000
62.447728	195.747150	36.035673
0.000 0.000 0.000
61.876001	195.898570	36.802583
0.000 0.000 0.000
60.983397	196.049383	36.736392
0.000 0.000 0.000
60.197150	195.803195	36.300597
0.000 0.000 0.000
60.017120	195.919553	35.292578
0.000 0.000 0.000
59.638548	196.834902	35.712354
0.000 0.000 0.000
58.777342	197.291111	35.645692
0.000 0.000 0.000
59.298440	197.819601	36.251014
0.000 0.000 0.000
59.892327	198.558959	36.559636
0.000 0.000 0.000
60.536478	197.531472	36.575715
0.000 0.000 0.000
61.199765	198.282234	36.424270
0.000 0.000 0.000
61.703036	198.151226	37.108272
0.000 0.000 0.000
61.063437	197.788121	37.557666
0.000 0.000 0.000
60.314982	197.304514	37.897612
0.000 0.000 0.000
59.492465	196.652555	37.888476
0.000 0.000 0.000
59.759544	195.956724	37.278594
0.000 0.000 0.000
60.567288	195.449969	37.727695
0.000 0.000 0.000
60.358701	195.617066	38.666149
0.000 0.000 0.000
60.136379	194.665060	38.529090
0.000 0.000 0.000
60.970473	194.460608	38.161281
0.000 0.000 0.000
61.966590	194.423347	38.332370
0.000 0.000 0.000
63.088177	194.067826	38.407466
0.000 0.000 0.000
63.807941	194.530707	37.984244
0.000 0.000 0.000
63.540304	195.330628	37.519736
0.000 0.000 0.000
62.811712	195.470304	38.229019
0.000 0.000 0.000
62.739765	196.367620	38.626838
0.000 0.000 0.000
63.455918	196.723875	39.350330
0.000 0.000 0.000
64.362352	196.882021	39.392017
0.000 0.000 0.000
64.712448	196.553385	38.678088
0.000 0.000 0.000
64.279612	197.532905	38.850078
0.000 0.000 0.000
64.540767	198.475199	39.401008
0.000 0.000 0.000
63.968541	198.724977	38.613351
0.000 0.000 0.000
63.677711	199.643854	39.007930
0.000 0.000 0.000
64.002553	200.133596	39.754497
0.000 0.000 0.000
64.455664	201.083727	39.865328
0.000 0.000 0.000
65.131939	200.514273	39.687106
0.000 0.000 0.000
65.096614	201.295238	39.066680
0.000 0.000 0.000
65.429916	201.510470	38.197591
0.000 0.000 0.000
65.203796	201.963396	37.352410
0.000 0.000 0.000
65.579021	202.515796	38.126666
0.000 0.000 0.000
65.628077	203.488761	38.245641
0.000 0.000 0.000
65.713653	203.041733	39.113017
0.000 0.000 0.000
64.926189	202.744751	39.790936
0.000 0.000 0.000
64.623808	203.502405	39.144739
0.000 0.000 0.000
65.064163	203.586639	40.133978
0.000 0.000 0.000
64.084841	203.524496	40.293354
0.000 0.000 0.000
63.286011	203.329579	39.813507
0.000 0.000 0.000
63.243171	202.435578	39.300511
0.000 0.000 0.000
62.876533	201.724582	39.887701
0.000 0.000 0.000
63.516631	202.308099	40.359946
0.000 0.000 0.000
64.496943	202.198673	40.886166
0.000 0.000 0.000
64.692026	202.276458	41.967842
0.000 0.000 0.000
65.418446	201.887443	41.586119
0.000 0.000 0.000
65.158098	200.881496	41.520056
0.000 0.000 0.000
65.012688	199.925969	41.860962
0.000 0.000 0.000
64.700640	200.682461	42.389771
0.000 0.000 0.000
63.673101	200.489156	42.291251
0.000 0.000 0.000
63.400881	199.767305	42.896239
0.000 0.000 0.000
63.634019	199.224972	42.207609
0.000 0.000 0.000
63.617105	198.608895	43.071713
0.000 0.000 0.000
62.911030	198.136793	43.782129
0.000 0.000 0.000
63.549710	197.989606	44.310825
0.000 0.000 0.000
64.035644	198.566603	45.029872
0.000 0.000 0.000
64.804761	198.182837	45.416974
0.000 0.000 0.000
65.634896	197.892874	44.785075
0.000 0.000 0.000
66.029646	197.788190	45.704063
0.000 0.000 0.000
66.858267	197.195912	45.628930
0.000 0.000 0.000
67.705109	197.415174	45.437838
0.000 0.000 0.000
67.679490	197.212874	46.326826
0.000 0.000 0.000
67.597000	196.599031	47.051558
0.000 0.000 0.000
67.863964	196.508975	48.083714
0.000 0.000 0.000
66.857760	196.264268	48.273523
0.000 0.000 0.000
67.000301	195.387329	48.422098
0.000 0.000 0.000
67.399878	195.477674	47.460119
0.000 0.000 0.000
68.114388	195.313254	48.060986
0.000 0.000 0.000
68.769158	195.862641	48.735940
0.000 0.000 0.000
68.915434	195.149276	49.427546
0.000 0.000 0.000
68.378167	194.774914	50.155833
0.000 0.000 0.000
67.888515	193.868640	50.373953
0.000 0.000 0.000
68.385149	193.332710	49.757670
0.000 0.000 0.000
67.954994	192.496486	49.858703
0.000 0.000 0.000
67.383760	193.313785	49.720796
0.000 0.000 0.000
67.082085	193.163739	50.691372
0.000 0.000 0.000
66.533019	193.805000	50.089002
0.000 0.000 0.000
65.601809	194.262160	50.649082
0.000 0.000 0.000
64.871094	194.017812	51.231248
0.000 0.000 0.000
65.247613	193.409888	51.866585
0.000 0.000 0.000
65.597825	193.208097	52.746807
0.000 0.000 0.000
66.367560	193.580242	52.305914
0.000 0.000 0.000
66.222904	194.502120	52.141521
0.000 0.000 0.000
66.757544	195.218229	52.546687
0.000 0.000 0.000
66.372813	194.978576	53.595638
0.000 0.000 0.000
65.898847	195.659285	53.897362
0.000 0.000 0.000
65.012046	195.958757	54.224685
0.000 0.000 0.000
65.203259	196.403769	55.082649
0.000 0.000 0.000
65.375965	197.305834	54.683720
0.000 0.000 0.000
65.165215	197.863555	55.578260
0.000 0.000 0.000
64.690404	197.030689	55.655925
0.000 0.000 0.000
64.176489	197.396436	54.975091
0.000 0.000 0.000
64.147838	197.917258	54.077513
0.000 0.000 0.000
64.404325	198.545173	53.310858
0.000 0.000 0.000
64.358740	198.116231	52.318062
0.000 0.000 0.000
63.561946	198.031087	52.823662
0.000 0.000 0.000
63.239609	198.930202	52.796250
0.000 0.000 0.000
62.626272	199.720444	52.628020
0.000 0.000 0.000
63.119492	200.118933	53.252690
0.000 0.000 0.000
63.727301	199.895550	52.458612
0.000 0.000 0.000
64.371832	200.500422	52.928277
0.000 0.000 0.000
64.374807	199.695438	53.476462
0.000 0.000 0.000
65.393378	199.581381	53.120471
0.000 0.000 0.000
65.599370	198.578621	53.412872
0.000 0.000 0.000
65.845055	198.208034	54.246838
0.000 0.000 0.000
66.237328	197.802864	55.010244
0.000 0.000 0.000
66.498436	197.139223	54.282364
0.000 0.000 0.000
66.161752	197.730090	53.436532
0.000 0.000 0.000
66.459686	198.191916	52.673240
0.000 0.000 0.000
66.149264	198.718547	52.039733
0.000 0.000 0.000
66.465187	199.626999	51.815700
0.000 0.000 0.000
67.168648	200.095896	51.486545
0.000 0.000 0.000
67.831376	200.850638	51.546098
0.000 0.000 0.000
67.274420	200.861391	50.644313
0.000 0.000 0.000
68.188598	201.126533	50.129220
0.000 0.000 0.000
68.362157	200.405583	49.553096
0.000 0.000 0.000
67.554991	199.862521	49.241963
0.000 0.000 0.000
67.961710	199.137899	49.552491
0.000 0.000 0.000
67.194521	198.956564	48.626218
0.000 0.000 0.000
67.389416	198.123505	48.740289
0.000 0.000 0.000
66.230936	198.210482	48.747945
0.000 0.000 0.000
65.986748	197.746925	49.799287
0.000 0.000 0.000
65.016555	197.555770	49.660425
0.000 0.000 0.000
65.023231	197.570164	50.639250
0.000 0.000 0.000
65.686848	196.883026	50.845061
0.000 0.000 0.000
65.197419	196.114554	50.832376
0.000 0.000 0.000
65.497056	195.617703	51.712460
0.000 0.000 0.000
64.629556	195.720727	52.269800
0.000 0.000 0.000
64.562714	194.711028	52.243992
0.000 0.000 0.000
63.757515	194.080472	52.405261
0.000 0.000 0.000
63.467755	193.550591	51.789344
0.000 0.000 0.000
62.810207	192.882597	52.010441
0.000 0.000 0.000
62.725389	192.517545	51.177617
0.000 0.000 0.000
62.598971	193.472344	50.843242
0.000 0.000 0.000
63.401657	193.243898	50.488928
0.000 0.000 0.000
62.811350	192.631804	50.197005
0.000 0.000 0.000
62.861193	191.670517	50.488684
0.000 0.000 0.000
62.369935	191.602668	51.356552
0.000 0.000 0.000
62.870135	191.787213	52.305033
0.000 0.000 0.000
61.884779	191.702288	52.373423
0.000 0.000 0.000
61.056151	191.204543	51.972989
0.000 0.000 0.000
60.256630	191.541891	51.457794
0.000 0.000 0.000
60.665235	190.801686	51.002293
0.000 0.000 0.000
59.995901	190.609976	51.764015
0.000 0.000 0.000
59.237162	189.837780	52.179082
0.000 0.000 0.000
59.447021	189.726709	51.342146
0.000 0.000 0.000
59.495316	190.610842	50.800392
0.000 0.000 0.000
59.595242	190.457294	49.726726
0.000 0.000 0.000
59.805271	189.710793	49.139406
0.000 0.000 0.000
58.844618	190.065177	49.170402
0.000 0.000 0.000
58.667315	190.178904	48.317849
0.000 0.000 0.000
58.885074	190.414245	47.429835
0.000 0.000 0.000
59.296937	190.702401	46.618215
0.000 0.000 0.000
59.524188	191.437475	45.908924
0.000 0.000 0.000
60.431455	191.250165	45.740068
0.000 0.000 0.000
61.513785	190.657481	45.699777
0.000 0.000 0.000
61.323229	189.616867	46.031921
0.000 0.000 0.000
62.374268	189.594336	46.322307
0.000 0.000 0.000
63.114774	189.253806	47.006986
0.000 0.000 0.000
63.843546	189.065859	46.322815
0.000 0.000 0.000
63.707368	189.965551	46.178442
0.000 0.000 0.000
63.621842	190.390931	45.294499
0.000 0.000 0.000
64.060949	190.049435	44.469317
0.000 0.000 0.000
64.996013	190.252352	44.231705
0.000 0.000 0.000
64.985955	189.809362	43.505212
0.000 0.000 0.000
65.052271	190.377276	42.761718
0.000 0.000 0.000
65.243621	191.123753	43.515660
0.000 0.000 0.000
64.525784	191.456375	44.366985
0.000 0.000 0.000
64.265188	191.816315	43.336332
0.000 0.000 0.000
63.557476	192.482297	43.626662
0.000 0.000 0.000
64.191910	193.137650	43.499887
0.000 0.000 0.000
65.235148	193.174465	43.609399
0.000 0.000 0.000
65.077076	194.208409	44.131073
0.000 0.000 0.000
64.374365	194.488442	44.583793
0.000 0.000 0.000
63.940499	194.162993	43.744371
0.000 0.000 0.000
63.668425	193.729642	44.562618
0.000 0.000 0.000
63.554466	193.590145	45.456155
0.000 0.000 0.000
63.466352	193.798644	46.588153
0.000 0.000 0.000
63.794194	194.704018	46.735225
0.000 0.000 0.000
63.311308	195.484606	46.581429
0.000 0.000 0.000
62.344396	195.057110	46.405563
0.000 0.000 0.000
62.661118	194.887890	47.307932
0.000 0.000 0.000
62.583441	194.365982	48.043342
0.000 0.000 0.000
63.400609	194.930538	48.265124
0.000 0.000 0.000
63.887830	194.072248	48.016686
0.000 0.000 0.000
64.823922	194.527252	47.918970
0.000 0.000 0.000
64.514163	194.041157	47.216644
0.000 0.000 0.000
64.846795	193.265353	47.226111
0.000 0.000 0.000
64.686321	192.373357	47.188271
0.000 0.000 0.000
64.021629	192.028260	46.563995
0.000 0.000 0.000
63.253294	192.135263	46.074754
0.000 0.000 0.000
62.859957	191.585642	45.222196
0.000 0.000 0.000
62.334805	192.084522	44.622899
0.000 0.000 0.000
62.222721	192.588095	43.846944
0.000 0.000 0.000
62.669444	193.200197	44.360068
0.000 0.000 0.000
62.400768	194.000656	43.907797
0.000 0.000 0.000
62.269841	195.033785	43.981433
0.000 0.000 0.000
61.556828	194.447034	43.976758
0.000 0.000 0.000
61.463442	193.669056	44.850106
0.000 0.000 0.000
60.756398	194.254273	44.957042
0.000 0.000 0.000
61.650701	194.351062	45.610281
0.000 0.000 0.000
61.087059	194.563943	46.333054
0.000 0.000 0.000
60.968595	195.439915	46.663132
0.000 0.000 0.000
61.136687	195.725648	47.536571
0.000 0.000 0.000
60.248572	195.519293	47.589962
0.000 0.000 0.000
60.295147	194.814078	48.317630
0.000 0.000 0.000
60.099797	195.892867	48.426824
0.000 0.000 0.000
59.274223	196.175489	48.823471
0.000 0.000 0.000
58.635353	196.940054	48.691293
0.000 0.000 0.000
58.272882	196.419087	49.367009
0.000 0.000 0.000
57.820497	195.758657	49.948891
0.000 0.000 0.000
57.259322	195.429255	50.879627
0.000 0.000 0.000
56.458429	196.110843	50.490191
0.000 0.000 0.000
55.878530	195.556996	49.880033
0.000 0.000 0.000
56.909886	195.353162	49.597937
0.000 0.000 0.000
56.413933	194.197220	49.605196
0.000 0.000 0.000
56.435196	194.012510	48.481549
0.000 0.000 0.000
56.898301	193.083688	48.136506
0.000 0.000 0.000
56.166706	192.415640	48.118083
0.000 0.000 0.000
55.462735	191.814934	48.314264
0.000 0.000 0.000
54.799280	192.406547	48.714293
0.000 0.000 0.000
53.847494	192.656203	48.136431
0.000 0.000 0.000
53.159198	193.262405	48.600912
0.000 0.000 0.000
52.943515	192.183459	48.300504
0.000 0.000 0.000
52.994096	191.950714	49.283939
0.000 0.000 0.000
52.212635	191.586417	49.766324
0.000 0.000 0.000
51.327002	192.126466	50.070002
0.000 0.000 0.000
50.309188	191.586628	50.344333
0.000 0.000 0.000
50.108615	191.806630	49.368406
0.000 0.000 0.000
49.904242	190.889953	49.671018
0.000 0.000 0.000
49.686644	190.466224	50.483508
0.000 0.000 0.000
49.602667	189.655618	49.987153
0.000 0.000 0.000
49.377207	188.761000	50.461228
0.000 0.000 0.000
50.327153	189.172215	50.439214
0.000 0.000 0.000
50.595699	190.047627	51.026841
0.000 0.000 0.000
50.900490	190.407859	50.291414
0.000 0.000 0.000
51.414339	191.221310	50.322084
0.000 0.000 0.000
51.141961	190.982918	49.378469
0.000 0.000 0.000
50.471699	190.697757	48.732578
0.000 0.000 0.000
51.226418	190.387865	48.224138
0.000 0.000 0.000
52.063422	190.162171	48.633113
0.000 0.000 0.000
52.344689	189.264065	48.938698
0.000 0.000 0.000
52.805342	188.283602	48.777676
0.000 0.000 0.000
53.001157	188.336643	47.677562
0.000 0.000 0.000
53.517300	189.120363	47.676436
0.000 0.000 0.000
54.094566	189.661440	48.028416
0.000 0.000 0.000
54.853357	190.203998	47.633031
0.000 0.000 0.000
55.107764	191.081271	47.401363
0.000 0.000 0.000
55.655897	190.557337	48.164929
0.000 0.000 0.000
55.074531	189.935170	48.614483
0.000 0.000 0.000
56.063677	189.920902	48.967001
0.000 0.000 0.000
56.211919	190.212586	50.004112
0.000 0.000 0.000
55.454948	189.603123	49.682739
0.000 0.000 0.000
55.179645	188.752454	49.973874
0.000 0.000 0.000
54.408844	188.298829	49.659123
0.000 0.000 0.000
54.347687	187.411698	49.841775
0.000 0.000 0.000
53.440497	187.030669	50.218065
0.000 0.000 0.000
52.732513	187.510014	49.830369
0.000 0.000 0.000
52.845910	186.813542	49.119961
0.000 0.000 0.000
52.054677	186.418567	48.651481
0.000 0.000 0.000
51.148945	186.126627	48.710069
0.000 0.000 0.000
51.073152	185.391652	49.522347
0.000 0.000 0.000
51.588529	185.849504	50.199383
0.000 0.000 0.000
52.440387	185.926718	49.858867
0.000 0.000 0.000
52.519050	185.327609	50.472536
0.000 0.000 0.000
52.255259	184.857512	49.669309
0.000 0.000 0.000
52.966428	184.575091	48.746645
0.000 0.000 0.000
53.638495	184.989700	48.221539
0.000 0.000 0.000
54.753201	185.001683	48.275712
0.000 0.000 0.000
55.237799	185.853806	47.906181
0.000 0.000 0.000
56.169111	185.347144	48.142172
0.000 0.000 0.000
57.013518	185.174413	47.656001
0.000 0.000 0.000
57.729792	184.904441	48.364236
0.000 0.000 0.000
58.416301	184.479095	47.874557
0.000 0.000 0.000
59.100468	185.088819	47.375818
0.000 0.000 0.000
59.668455	184.403491	46.922872
0.000 0.000 0.000
60.485510	184.591941	47.284126
0.000 0.000 0.000
61.359664	184.087785	47.538376
0.000 0.000 0.000
62.350026	184.279727	47.377768
0.000 0.000 0.000
62.437282	185.128939	48.085639
0.000 0.000 0.000
62.039183	185.887412	47.868954
0.000 0.000 0.000
62.404630	186.677662	47.552412
0.000 0.000 0.000
63.236839	185.920233	47.391544
0.000 0.000 0.000
63.243540	184.976717	46.736316
0.000 0.000 0.000
63.467343	184.348134	46.197566
0.000 0.000 0.000
63.581532	183.908389	45.401019
0.000 0.000 0.000
64.387665	184.038793	45.627790
0.000 0.000 0.000
64.248718	184.880827	45.116686
0.000 0.000 0.000
64.641159	184.220340	44.652835
0.000 0.000 0.000
65.036348	183.778528	43.746291
0.000 0.000 0.000
65.067971	183.045629	43.096898
0.000 0.000 0.000
65.121408	182.882325	42.237640
0.000 0.000 0.000
65.360898	181.733860	42.532750
0.000 0.000 0.000
65.751646	181.456062	41.717350
0.000 0.000 0.000
66.714942	181.200653	41.886269
0.000 0.000 0.000
67.202450	180.689129	42.662959
0.000 0.000 0.000
66.422051	180.854531	43.238619
0.000 0.000 0.000
65.445537	180.325098	43.128557
0.000 0.000 0.000
66.221175	179.759468	42.674797
0.000 0.000 0.000
65.582857	178.976015	42.611333
0.000 0.000 0.000
65.332381	179.595931	41.902986
0.000 0.000 0.000
64.630697	179.793067	42.546745
0.000 0.000 0.000
63.697388	180.140738	42.332293
0.000 0.000 0.000
63.088772	180.387687	42.982299
0.000 0.000 0.000
63.257525	181.372156	42.667186
0.000 0.000 0.000
63.418330	182.286416	42.811302
0.000 0.000 0.000
62.971984	181.867843	43.477571
0.000 0.000 0.000
62.261848	182.485031	43.376940
0.000 0.000 0.000
61.824995	181.688327	43.721665
0.000 0.000 0.000
61.183194	182.316588	44.366334
0.000 0.000 0.000
60.399744	182.035948	43.962840
0.000 0.000 0.000
60.314455	181.447670	43.216158
0.000 0.000 0.000
59.248540	181.522446	43.487814
0.000 0.000 0.000
59.752348	180.457537	43.960275
0.000 0.000 0.000
59.274352	180.658732	44.681368
0.000 0.000 0.000
58.848769	179.776751	44.472270
0.000 0.000 0.000
59.127574	179.551261	43.586500
0.000 0.000 0.000
58.328609	179.180812	43.482046
0.000 0.000 0.000
57.495140	179.110036	43.861651
0.000 0.000 0.000
57.881096	179.537333	44.624985
0.000 0.000 0.000
56.858146	179.387877	44.649426
0.000 0.000 0.000
56.260574	178.471703	44.697475
0.000 0.000 0.000
56.368155	178.584697	43.806143
0.000 0.000 0.000
56.251368	179.086859	43.023213
0.000 0.000 0.000
55.772760	178.410999	42.579125
0.000 0.000 0.000
56.342458	177.723409	42.245110
0.000 0.000 0.000
56.338390	178.575802	41.610939
0.000 0.000 0.000
56.457612	179.536709	41.380126
0.000 0.000 0.000
57.121566	180.252115	41.433618
0.000 0.000 0.000
56.752530	180.359418	40.467448
0.000 0.000 0.000
56.397269	180.202210	39.527754
0.000 0.000 0.000
56.669993	180.636341	38.723867
0.000 0.000 0.000
56.937023	181.205328	38.069451
0.000 0.000 0.000
56.593140	181.292208	37.220794
0.000 0.000 0.000
56.820446	181.627921	36.368383
0.000 0.000 0.000
57.116362	181.678755	35.470959
0.000 0.000 0.000
57.337103	180.697559	35.657921
0.000 0.000 0.000
57.845518	180.377950	34.764004
0.000 0.000 0.000
57.967435	180.875326	33.974161
0.000 0.000 0.000
57.319048	181.545430	33.669060
0.000 0.000 0.000
56.597776	180.858894	33.767676
0.000 0.000 0.000
57.226548	180.745717	32.936825
0.000 0.000 0.000
58.172212	180.706061	32.485190
0.000 0.000 0.000
58.722196	180.966397	31.777810
0.000 0.000 0.000
58.597269	180.272554	31.145672
0.000 0.000 0.000
59.184089	180.648066	30.639173
0.000 0.000 0.000
59.450295	179.527653	30.585884
0.000 0.000 0.000
60.159129	179.892833	30.174923
0.000 0.000 0.000
60.335665	179.762699	31.114606
0.000 0.000 0.000
60.970127	180.323043	30.646753
0.000 0.000 0.000
61.633003	179.631159	30.670614
0.000 0.000 0.000
61.148655	178.794345	30.952243
0.000 0.000 0.000
60.789780	177.891463	31.427400
0.000 0.000 0.000
61.086093	176.988628	31.441908
0.000 0.000 0.000
60.413325	176.235510	31.257428
0.000 0.000 0.000
59.669467	176.714974	30.929910
0.000 0.000 0.000
59.169317	177.577473	30.394595
0.000 0.000 0.000
58.266604	178.114940	30.672095
0.000 0.000 0.000
57.966236	178.513937	29.823646
0.000 0.000 0.000
57.162537	178.783764	30.233761
0.000 0.000 0.000
57.446805	178.457028	31.129809
0.000 0.000 0.000
57.242772	179.394080	31.236496
0.000 0.000 0.000
56.820431	179.999516	31.878111
0.000 0.000 0.000
57.466903	179.587968	32.618789
0.000 0.000 0.000
57.624883	178.643425	32.687311
0.000 0.000 0.000
57.230988	177.804024	32.585249
0.000 0.000 0.000
57.054689	176.851731	32.614910
0.000 0.000 0.000
56.249761	176.983570	33.216846
0.000 0.000 0.000
55.598553	176.756791	32.504251
0.000 0.000 0.000
56.021506	177.491921	31.994151
0.000 0.000 0.000
56.494526	177.233412	31.113752
0.000 0.000 0.000
56.906905	176.491054	30.706727
0.000 0.000 0.000
57.568144	175.907329	30.993543
0.000 0.000 0.000
57.847433	175.061352	30.529381
0.000 0.000 0.000
56.921025	174.838856	30.263435
0.000 0.000 0.000
57.312673	174.364916	29.364914
0.000 0.000 0.000
58.273386	173.895118	29.422555
0.000 0.000 0.000
57.092442	173.715566	30.019025
0.000 0.000 0.000
56.510393	173.029702	30.552316
0.000 0.000 0.000
57.317628	173.472955	31.255757
0.000 0.000 0.000
57.445932	174.164263	32.030493
0.000 0.000 0.000
58.248693	174.436050	32.896019
0.000 0.000 0.000
59.177246	174.444256	33.615895
0.000 0.000 0.000
59.850581	175.065157	33.635374
0.000 0.000 0.000
59.064296	175.430535	33.501690
0.000 0.000 0.000
59.505866	175.639382	32.620585
0.000 0.000 0.000
60.341068	175.276926	32.865375
0.000 0.000 0.000
60.465512	174.140537	32.903605
0.000 0.000 0.000
60.095851	173.372915	33.264327
0.000 0.000 0.000
59.761787	172.769106	33.892746
0.000 0.000 0.000
59.573009	172.669449	34.834054
0.000 0.000 0.000
58.656444	172.293343	34.761572
0.000 0.000 0.000
58.262466	173.164083	34.474367
0.000 0.000 0.000
57.507590	172.541485	34.349252
0.000 0.000 0.000
57.397102	172.855681	35.387657
0.000 0.000 0.000
56.449911	172.551397	35.007535
0.000 0.000 0.000
56.366051	171.602462	35.180515
0.000 0.000 0.000
55.748199	170.927108	35.605337
0.000 0.000 0.000
54.922884	170.748445	35.102483
0.000 0.000 0.000
54.336854	171.462692	34.438667
0.000 0.000 0.000
53.872088	171.997672	33.545109
0.000 0.000 0.000
54.212869	172.820837	33.319942
0.000 0.000 0.000
54.801672	172.162630	33.652728
0.000 0.000 0.000
55.387389	172.731022	34.225387
0.000 0.000 0.000
55.638365	172.978597	33.275683
0.000 0.000 0.000
55.455911	173.816584	34.067795
0.000 0.000 0.000
55.208865	174.469848	34.746685
0.000 0.000 0.000
54.548767	175.064002	34.366571
0.000 0.000 0.000
54.981459	175.771882	33.885237
0.000 0.000 0.000
55.156333	175.934266	32.965667
0.000 0.000 0.000
54.554972	176.036647	32.202908
0.000 0.000 0.000
55.130246	175.756190	31.459009
0.000 0.000 0.000
54.299341	176.585852	31.248610
0.000 0.000 0.000
54.101388	176.015510	30.465551
0.000 0.000 0.000
54.030689	175.346705	29.610846
0.000 0.000 0.000
54.649503	174.963907	30.479706
0.000 0.000 0.000
54.300451	174.028173	30.485051
0.000 0.000 0.000
53.290334	174.097796	30.585525
0.000 0.000 0.000
52.763496	173.224017	30.840417
0.000 0.000 0.000
52.197647	173.700232	31.724777
0.000 0.000 0.000
53.081551	173.105029	31.798107
0.000 0.000 0.000
52.816659	172.828232	32.853189
0.000 0.000 0.000
53.335848	173.012171	33.771778
0.000 0.000 0.000
53.711123	174.001023	34.153487
0.000 0.000 0.000
53.191193	173.502324	34.805062
0.000 0.000 0.000
53.510383	173.017919	35.723002
0.000 0.000 0.000
53.175077	172.216055	36.094315
0.000 0.000 0.000
52.637596	171.481487	36.186454
0.000 0.000 0.000
52.893215	170.619760	36.542330
0.000 0.000 0.000
52.515495	170.793428	37.351070
0.000 0.000 0.000
51.840909	171.538874	37.488394
0.000 0.000 0.000
51.319235	170.766817	38.001223
0.000 0.000 0.000
51.658367	171.369473	38.714053
0.000 0.000 0.000
52.018156	172.203360	39.094370
0.000 0.000 0.000
51.991231	172.541761	39.945919
0.000 0.000 0.000
51.388505	173.128346	40.344093
0.000 0.000 0.000
51.265085	173.917771	40.969943
0.000 0.000 0.000
51.954392	174.279839	41.657865
0.000 0.000 0.000
52.807109	174.542228	42.355433
0.000 0.000 0.000
52.104421	174.480464	42.872421
0.000 0.000 0.000
51.918549	175.422986	43.133619
0.000 0.000 0.000
51.499432	175.288339	43.965987
0.000 0.000 0.000
52.174035	175.934203	44.352064
0.000 0.000 0.000
52.298764	176.796299	44.126695
0.000 0.000 0.000
52.431915	177.620802	44.672864
0.000 0.000 0.000
53.118409	177.562212	45.517646
0.000 0.000 0.000
53.258636	178.478556	45.277672
0.000 0.000 0.000
53.157437	179.460921	45.538241
0.000 0.000 0.000
54.073423	179.653175	45.929469
0.000 0.000 0.000
54.682987	179.238130	46.622771
0.000 0.000 0.000
55.537672	179.182315	46.438294
0.000 0.000 0.000
55.810217	178.418332	46.801528
0.000 0.000 0.000
56.492391	178.140792	46.189056
0.000 0.000 0.000
57.401037	178.526121	46.191478
0.000 0.000 0.000
57.606712	179.320903	45.735022
0.000 0.000 0.000
57.107731	180.160586	45.635679
0.000 0.000 0.000
58.101978	180.373961	45.367571
0.000 0.000 0.000
57.951875	181.054126	46.007402
0.000 0.000 0.000
58.472934	182.132689	45.889383
0.000 0.000 0.000
59.094999	181.467817	45.668196
0.000 0.000 0.000
59.316692	182.176909	46.345489
0.000 0.000 0.000
60.203661	181.783508	46.795326
0.000 0.000 0.000
60.333819	181.260323	47.604616
0.000 0.000 0.000
60.580565	181.031647	48.557147
0.000 0.000 0.000
61.333610	181.092585	49.170889
0.000 0.000 0.000
61.694675	181.242147	50.053334
0.000 0.000 0.000
61.263710	182.046175	50.434381
0.000 0.000 0.000
61.523235	182.967185	50.622872
0.000 0.000 0.000
62.010077	183.721501	51.239139
0.000 0.000 0.000
61.531398	184.322585	51.866626
0.000 0.000 0.000
62.173254	184.854249	51.223809
0.000 0.000 0.000
62.909395	185.306901	50.975419
0.000 0.000 0.000
63.828259	185.418016	51.254003
0.000 0.000 0.000
64.349484	186.241270	51.844134
0.000 0.000 0.000
65.186565	186.376503	51.546901
0.000 0.000 0.000
65.382896	185.323340	51.985950
0.000 0.000 0.000
64.566329	185.417309	52.657626
0.000 0.000 0.000
65.198670	185.491640	53.266083
0.000 0.000 0.000
65.314175	184.493799	53.238979
0.000 0.000 0.000
65.463700	183.653617	53.655041
0.000 0.000 0.000
65.955998	183.454672	54.585871
0.000 0.000 0.000
65.780171	184.403694	54.351113
0.000 0.000 0.000
66.690961	184.591641	54.524795
0.000 0.000 0.000
67.459796	184.877840	54.089472
0.000 0.000 0.000
67.293719	185.231832	53.179225
0.000 0.000 0.000
67.081801	185.796804	52.493319
0.000 0.000 0.000
66.076696	185.992019	52.971154
0.000 0.000 0.000
66.169592	184.897753	52.941903
0.000 0.000 0.000
66.146403	184.790046	52.081861
0.000 0.000 0.000
66.089124	184.319764	51.221005
0.000 0.000 0.000
66.075838	184.795741	50.450146
0.000 0.000 0.000
66.696254	184.527449	49.765540
0.000 0.000 0.000
67.270480	183.784113	49.281500
0.000 0.000 0.000
66.664619	182.858886	49.467126
0.000 0.000 0.000
66.575894	182.745825	50.513930
0.000 0.000 0.000
66.417160	182.809447	51.512954
0.000 0.000 0.000
66.832833	182.000663	51.433064
0.000 0.000 0.000
66.200976	181.120495	51.329322
0.000 0.000 0.000
65.858659	181.236627	52.272112
0.000 0.000 0.000
65.225321	180.672375	51.692396
0.000 0.000 0.000
64.527838	180.276925	51.423993
0.000 0.000 0.000
64.981057	180.102425	50.468765
0.000 0.000 0.000
65.338169	181.012087	50.661968
0.000 0.000 0.000
65.318818	180.715621	49.738083
0.000 0.000 0.000
65.004451	181.678628	49.397313
0.000 0.000 0.000
65.496925	182.541527	49.272587
0.000 0.000 0.000
65.132007	183.409865	48.956689
0.000 0.000 0.000
65.791525	183.517797	48.414616
0.000 0.000 0.000
65.312898	182.731898	47.962390
0.000 0.000 0.000
64.881337	182.193142	47.070578
0.000 0.000 0.000
64.262796	182.980060	47.079326
0.000 0.000 0.000
63.322506	182.406315	47.320750
0.000 0.000 0.000
64.052844	182.001232	46.704347
0.000 0.000 0.000
63.426408	182.772986	46.406876
0.000 0.000 0.000
63.241934	181.885972	45.857182
0.000 0.000 0.000
62.568831	181.182922	45.650242
0.000 0.000 0.000
62.158747	180.411309	45.500797
0.000 0.000 0.000
62.688682	179.858372	45.023809
0.000 0.000 0.000
62.819751	179.384764	44.202724
0.000 0.000 0.000
63.714495	178.964642	43.831594
0.000 0.000 0.000
63.588428	178.628528	44.624601
0.000 0.000 0.000
63.681435	178.043729	43.830143
0.000 0.000 0.000
63.376668	177.356740	43.303759
0.000 0.000 0.000
62.950573	178.006448	42.601631
0.000 0.000 0.000
63.444004	178.158060	41.691154
0.000 0.000 0.000
63.732767	179.127219	41.746239
0.000 0.000 0.000
64.281542	178.786364	40.967053
0.000 0.000 0.000
64.655343	177.948808	40.728456
0.000 0.000 0.000
63.901737	178.108126	40.084785
0.000 0.000 0.000
63.590565	178.204559	39.078263
0.000 0.000 0.000
64.305048	177.533786	38.687137
0.000 0.000 0.000
63.570517	177.276810	38.147137
0.000 0.000 0.000
62.656978	177.486409	38.619608
0.000 0.000 0.000
62.365356	176.495272	38.929052
0.000 0.000 0.000
61.401517	176.687771	38.762613
0.000 0.000 0.000
61.886790	177.062018	38.023210
0.000 0.000 0.000
61.463167	177.163084	36.833137
0.000 0.000 0.000
60.974588	176.338111	36.702776
0.000 0.000 0.000
61.052055	175.866095	37.576404
0.000 0.000 0.000
61.162886	174.940133	37.563931
0.000 0.000 0.000
60.857284	174.883976	38.518584
0.000 0.000 0.000
61.942215	174.695977	38.628216
0.000 0.000 0.000
61.977829	174.695532	39.806143
0.000 0.000 0.000
60.957454	174.521475	39.992017
0.000 0.000 0.000
61.416245	173.562790	40.143155
0.000 0.000 0.000
62.342947	173.197962	40.453457
0.000 0.000 0.000
61.851805	173.785776	41.078801
0.000 0.000 0.000
62.054099	174.995308	41.112136
0.000 0.000 0.000
62.942118	175.473267	40.704465
0.000 0.000 0.000
62.617755	176.523821	40.679108
0.000 0.000 0.000
62.369342	176.876970	39.910800
0.000 0.000 0.000
62.567096	177.588215	40.434787
0.000 0.000 0.000
63.418385	177.370098	40.626139
0.000 0.000 0.000
64.014211	177.005333	41.388093
0.000 0.000 0.000
64.433379	177.449825	42.322368
0.000 0.000 0.000
65.045450	177.536308	43.052316
0.000 0.000 0.000
65.492390	178.285043	43.791752
0.000 0.000 0.000
66.167378	178.650136	44.391142
0.000 0.000 0.000
65.910750	177.731501	44.603882
0.000 0.000 0.000
66.389369	177.040973	44.290495
0.000 0.000 0.000
66.888827	176.441297	43.523742
0.000 0.000 0.000
67.435577	176.029605	42.980267
0.000 0.000 0.000
67.912031	175.374687	42.457131
0.000 0.000 0.000
67.045499	174.970929	42.603072
0.000 0.000 0.000
67.293368	174.479506	43.420456
0.000 0.000 0.000
67.837479	174.250068	44.212863
0.000 0.000 0.000
68.131204	173.949040	43.343430
0.000 0.000 0.000
68.629572	173.412677	44.103558
0.000 0.000 0.000
68.693762	172.272355	44.033062
0.000 0.000 0.000
69.610374	172.056301	43.950195
0.000 0.000 0.000
70.050015	172.306671	44.829622
0.000 0.000 0.000
70.442971	171.512164	45.087513
0.000 0.000 0.000
71.345271	171.397019	45.137010
0.000 0.000 0.000
72.183889	171.196693	44.876800
0.000 0.000 0.000
71.881752	170.305988	45.031177
0.000 0.000 0.000
71.815582	169.247605	45.167401
0.000 0.000 0.000
72.217321	170.008800	46.008696
0.000 0.000 0.000
71.715568	169.282847	46.425459
0.000 0.000 0.000
72.228079	168.612913	46.926115
0.000 0.000 0.000
71.571385	167.981995	46.943190
0.000 0.000 0.000
72.162253	167.733106	46.209940
0.000 0.000 0.000
72.335258	167.874626	45.121137
0.000 0.000 0.000
71.466823	167.938902	44.803891
0.000 0.000 0.000
70.588061	167.551503	45.253236
0.000 0.000 0.000
70.414224	168.354795	45.649899
0.000 0.000 0.000
69.973281	167.792046	46.590446
0.000 0.000 0.000
70.880778	167.368435	46.300123
0.000 0.000 0.000
71.316826	166.893275	47.008660
0.000 0.000 0.000
70.572124	167.319077	47.221504
0.000 0.000 0.000
69.600047	167.179715	47.565731
0.000 0.000 0.000
68.791115	167.139242	47.938723
0.000 0.000 0.000
69.066919	167.220224	48.867194
0.000 0.000 0.000
69.531946	167.851792	48.315359
0.000 0.000 0.000
69.326814	168.536468	48.892800
0.000 0.000 0.000
69.432039	168.530839	49.844448
0.000 0.000 0.000
69.407567	169.060844	50.681350
0.000 0.000 0.000
68.732309	169.909479	50.779771
0.000 0.000 0.000
67.985891	170.156666	50.174819
0.000 0.000 0.000
67.258290	170.658014	50.044164
0.000 0.000 0.000
66.631802	171.190147	50.502896
0.000 0.000 0.000
66.402360	171.237580	49.612318
0.000 0.000 0.000
65.726583	171.575727	50.227962
0.000 0.000 0.000
65.643042	170.637441	50.603150
0.000 0.000 0.000
65.623032	169.727532	51.263010
0.000 0.000 0.000
65.663658	168.983822	50.762786
0.000 0.000 0.000
65.293570	168.117808	50.918438
0.000 0.000 0.000
64.580873	168.723696	51.283119
0.000 0.000 0.000
64.730780	168.768904	52.379320
0.000 0.000 0.000
65.443500	168.135284	52.559410
0.000 0.000 0.000
65.891002	167.570053	52.004175
0.000 0.000 0.000
65.470280	166.672324	52.337088
0.000 0.000 0.000
64.972453	166.779086	53.062719
0.000 0.000 0.000
64.542270	167.559612	53.292860
0.000 0.000 0.000
64.376110	167.035744	54.104643
0.000 0.000 0.000
64.197130	167.644971	54.720402
0.000 0.000 0.000
63.645912	167.716240	55.515687
0.000 0.000 0.000
63.815750	168.426945	55.979532
0.000 0.000 0.000
63.169142	168.962693	56.338764
0.000 0.000 0.000
63.587943	169.627772	55.671700
0.000 0.000 0.000
64.442644	169.501527	55.163524
0.000 0.000 0.000
65.092947	168.752185	55.546881
0.000 0.000 0.000
65.788858	168.079787	55.764822
0.000 0.000 0.000
65.964459	168.229652	54.874315
0.000 0.000 0.000
66.005358	167.358377	54.434878
0.000 0.000 0.000
65.721221	167.578546	53.548567
0.000 0.000 0.000
66.599700	168.015781	53.282935
0.000 0.000 0.000
67.434649	167.790046	52.749007
0.000 0.000 0.000
66.936765	167.161861	52.161637
0.000 0.000 0.000
67.765469	166.650903	52.500147
0.000 0.000 0.000
67.829740	165.718624	51.919390
0.000 0.000 0.000
67.973087	165.626889	52.878436
0.000 0.000 0.000
68.450382	164.957529	53.220468
0.000 0.000 0.000
68.704704	164.115592	53.801965
0.000 0.000 0.000
69.505408	164.459715	53.295657
0.000 0.000 0.000
70.311863	164.059656	53.647629
0.000 0.000 0.000
70.489608	164.263847	52.787028
0.000 0.000 0.000
71.011656	163.434983	52.991872
0.000 0.000 0.000
70.110287	163.135693	52.939201
0.000 0.000 0.000
69.803145	161.990577	52.570251
0.000 0.000 0.000
70.179585	161.774309	53.369576
0.000 0.000 0.000
69.419792	161.489536	54.175052
0.000 0.000 0.000
69.562518	160.612645	54.522140
0.000 0.000 0.000
70.061462	160.849949	53.637546
0.000 0.000 0.000
69.551293	160.873284	52.737233
0.000 0.000 0.000
68.670850	160.278891	52.658128
0.000 0.000 0.000
67.725155	160.420859	52.497454
0.000 0.000 0.000
66.834505	159.917137	52.290632
0.000 0.000 0.000
67.067349	158.951855	52.115316
0.000 0.000 0.000
67.352718	158.008687	52.712017
0.000 0.000 0.000
66.624382	157.560880	53.405715
0.000 0.000 0.000
65.982594	157.962628	53.946342
0.000 0.000 0.000
65.842144	157.944076	55.002501
0.000 0.000 0.000
65.790071	156.969208	55.081243
0.000 0.000 0.000
65.861917	157.382361	56.137286
0.000 0.000 0.000
66.155566	156.535240	56.560204
0.000 0.000 0.000
66.037376	156.147703	57.600377
0.000 0.000 0.000
65.134040	156.389540	57.682430
0.000 0.000 0.000
65.498260	156.087826	58.691518
0.000 0.000 0.000
66.283434	155.695112	59.043540
0.000 0.000 0.000
67.108366	155.984113	58.302685
0.000 0.000 0.000
67.555010	155.649002	57.448391
0.000 0.000 0.000
68.113428	156.088765	58.253982
0.000 0.000 0.000
68.901234	156.251449	58.681500
0.000 0.000 0.000
69.136350	155.394629	59.017122
0.000 0.000 0.000
69.400557	155.342605	59.903640
0.000 0.000 0.000
70.120099	155.279250	60.650096
0.000 0.000 0.000
70.316237	155.627025	61.497754
0.000 0.000 0.000
71.025215	155.527536	60.974488
0.000 0.000 0.000
70.606262	156.148862	60.592315
0.000 0.000 0.000
71.074210	156.371042	61.328848
0.000 0.000 0.000
71.006762	157.270764	61.998567
0.000 0.000 0.000
71.877175	156.696444	62.153216
0.000 0.000 0.000
72.733303	157.400247	61.911478
0.000 0.000 0.000
72.542114	157.484877	62.780071
0.000 0.000 0.000
73.256013	157.898614	63.433020
0.000 0.000 0.000
73.232916	157.004473	63.494412
0.000 0.000 0.000
73.245328	156.157370	63.687750
0.000 0.000 0.000
72.735835	156.461084	62.768425
0.000 0.000 0.000
73.277664	155.830742	62.306140
0.000 0.000 0.000
73.454350	156.896808	62.475902
0.000 0.000 0.000

