301 3186.06 314.042 657.263 18726.8
302 3048.52 314.703 632.554 18475.5
303 2895.51 367.522 630.565 18445.7
304 3011.35 361.155 760.453 18315.4
305 2559.9 371.345 703.13 18367.8
306 3193.46 368.856 684.41 18373.6
307 1544.8 343.171 633.111 18368.1
308 1598.24 342.861 764.528 18269.5
309 527.626 238.573 629.322 18367.9
310 568.042 238.624 671.688 18341.8
311 516.101 238.839 608.442 18424.1
312 441.992 238.999 582.979 18429.7
313 820.658 238.983 631.498 18343.5
314 856.81 238.864 621.053 18336.5
315 1073.22 240.961 610.741 18367.1
316 844.09 223.641 616.645 18334.2
317 1263.68 228.348 625.717 18345.8
318 1219.13 227.108 575.396 18335.5
319 1169.72 227.151 599.257 18362.9
320 1510.98 264.822 540.544 18372.7
321 1973.06 389.472 564.198 18339.5
322 1937.27 410.338 603.223 18309.7
323 1026.68 335.614 594.157 18312.3
324 1080.12 335.436 525.724 18371.4
325 890.902 308.681 672.385 18258.8
326 971.214 308.338 586.721 18319.5
327 2643.46 351.79 592.331 18318.4
328 2583.13 351.701 635.464 18272
329 3343.14 494.67 489.604 18425.4
330 3357.34 494.168 524.726 18400.4
331 3243.67 494.065 548.207 18393.2
332 3134.18 493.917 601.603 18334.8
333 3233.19 494.253 612.937 18269
334 2151.18 457.455 592.83 18300.1
335 3118.66 583.171 670.505 18236
336 2988.61 473.532 512.665 18372.6
337 3054.16 473.205 538.365 18350.4
338 3889.9 487.563 540.911 18322.8
339 1630.17 387.989 463.835 18442.6
340 1643.56 388.974 531.225 18358.2
341 3197.01 715.434 546.809 18333.8
342 3058.12 599.4 549.687 18339.3
343 2237.09 566.47 515.012 18344.7
344 2331.91 556.219 565.872 18297.8
345 1574.68 517.482 538.72 18267.2
346 694.601 393.745 549.313 18287.4
347 777.336 393.688 534.508 18294.8
348 574.577 367.634 630.06 18173.2
349 527.335 366.906 488.948 18313.3
350 664.828 314.817 506.819 18321.1
351 2507.81 302.72 345.937 18458.5
352 2883.28 291.638 388.003 18423.7
353 2897.94 291.687 475.026 18343.2
354 2735.32 291.652 479.331 18318.1
355 2734.66 291.622 471.585 18344.4
356 2051.12 301.132 443.487 18376
357 1945.98 301.117 470.929 18296.6
358 1499.11 276.178 457.587 18342.4
359 1529.4 276.094 340.69 18395.7
360 1495.35 275.997 313.579 18470.7
361 1559.81 268.551 450.619 18329.9
362 708.583 211.794 418.617 18350.7
363 707.114 211.778 435.527 18337.6
364 2288.55 273.511 529.146 18242.9
365 1374.73 223.547 372.26 18415.2
366 1669.42 206.299 441.858 18311
367 1750 250.337 422.704 18378.6
368 1756.96 250.292 386.837 18361.3
369 1820.01 250.011 348.346 18360.5
370 1742.82 249.656 367.525 18426.8
371 1704.98 249.568 517.897 18210.7
372 1700.67 249.63 459.236 18258.3
373 1735.51 249.63 412.874 18350.8
374 1369.76 209.244 364.796 18392.3
375 1385.43 209.919 416.67 18330.8
376 1309.28 210.424 365.907 18396.5
377 1410.99 208.919 411.765 18335.2
378 1399.38 208.846 456.23 18269.3
379 1192.53 183.155 466.141 18261.5
380 783.24 168.371 453.05 18244.1
381 704.644 154.58 356.932 18386.6
382 729.854 154.508 420.896 18326.7
383 599.362 154.175 407.21 18289.3
384 671.166 154.283 496.204 18249.3
385 719.137 154.212 411.662 18304.6
386 674.181 159.365 297.81 18386.3
387 647.101 159.402 357.34 18370.5
388 624.434 159.502 407.185 18304.6
389 692.09 159.573 395.604 18356
390 671.373 159.699 322.057 18394.8
391 667.153 159.703 392.253 18327.1
392 546.514 159.846 368.619 18343.9
393 544.986 159.73 398.264 18305.7
394 547.873 159.676 361.677 18331.2
395 555.117 159.761 415.731 18305.3
396 1597.63 258.863 445.03 18263.2
397 1595.16 258.99 349.387 18371.5
398 1605.14 258.941 461.823 18285.1
399 1607.64 259.024 399.638 18315.6
400 1579.41 259.31 385.247 18332.4
